user,firend
user 1,friend 1
1,189
1,39
3,342
3,298
5,302
7,134
7,122
10,60
13,339
13,272
13,248
13,217
16,109
21,317
21,229
21,211
21,156
24,213
24,196
25,261
25,211
25,159
27,150
29,134
29,121
30,169
31,290
31,141
34,514
39,172
40,345
40,238
45,252
45,66
48,290
48,281
48,238
48,200
48,98
50,132
50,98
51,168
53,265
54,325
54,269
55,188
62,126
63,148
63,132
64,297
66,344
66,324
66,295
66,158
67,298
67,258
67,168
69,224
69,161
72,109
72,103
73,332
73,323
75,165
82,329
84,325
85,290
87,203
88,235
88,119
94,322
94,283
94,199
98,168
102,143
104,331
107,2903
107,2760
107,2111
107,525
107,357
107,352
108,300
113,176
117,339
117,248
118,341
119,211
121,199
122,302
123,313
128,341
128,258
128,231
128,146
129,304
136,2659
136,2406
136,2369
136,2330
136,2066
136,2006
136,2000
136,252
136,224
139,346
144,220
148,304
148,295
148,246
148,239
150,200
156,252
159,231
159,211
161,274
164,261
165,258
169,213
169,208
170,331
171,1408
172,339
172,334
172,291
172,290
173,422
176,280
185,186
186,208
186,207
187,213
188,325
191,213
197,280
200,250
203,299
204,252
207,271
208,329
211,280
212,342
212,297
231,340
231,320
231,272
232,325
235,315
236,347
237,313
246,334
246,297
248,294
257,297
257,265
261,331
261,324
265,332
265,304
272,331
274,329
274,290
276,345
277,296
280,314
290,297
291,341
297,308
308,318
308,311
311,323
322,347
322,338
332,339
348,1732
348,1724
348,1400
348,1320
348,594
350,566
350,515
352,580
352,561
352,455
352,440
352,423
352,419
352,391
353,1845
353,1637
353,1595
353,512
354,431
355,507
355,492
355,391
357,381
361,637
361,487
361,418
362,520
363,1595
363,1210
363,450
365,456
366,962
366,669
366,558
366,557
366,536
366,502
366,471
367,436
367,404
367,390
369,559
369,543
369,541
370,1778
370,678
370,435
372,428
373,1128
374,1313
374,512
374,478
374,385
375,513
375,496
375,417
375,412
375,392
376,1770
376,1475
376,1338
376,1237
376,1121
376,549
376,539
376,425
378,1473
378,511
378,439
382,409
385,1025
385,563
385,545
387,543
387,537
387,504
387,463
387,449
388,1692
389,1904
389,1650
389,1541
389,1436
390,556
390,483
390,425
391,1179
391,1013
391,968
391,936
391,676
391,645
391,429
391,413
392,491
392,446
394,426
395,667
395,646
395,629
395,534
395,491
395,482
396,507
396,452
397,604
397,524
397,493
397,473
397,405
398,1778
398,473
400,1446
400,639
400,634
400,502
402,1574
402,1358
402,548
402,537
402,492
402,487
402,457
402,405
403,524
404,683
404,432
404,405
405,549
405,452
407,559
409,936
409,482
410,528
410,452
410,445
410,436
412,1490
412,1179
412,545
414,1790
414,1229
414,1060
414,490
415,565
415,512
415,497
415,493
415,426
415,418
416,534
416,469
417,1677
417,1318
419,569
419,560
419,523
419,485
420,1357
420,1303
420,546
420,504
421,531
421,492
422,625
422,538
422,537
423,1543
423,488
423,439
425,497
426,634
426,428
428,1876
428,1844
428,541
428,503
428,491
430,548
430,520
431,1882
431,1801
431,1695
431,560
431,553
431,502
431,451
432,463
433,548
434,500
434,474
434,462
435,515
435,475
436,1237
436,456
438,652
439,545
439,515
442,481
445,669
445,544
446,976
446,519
449,526
450,561
450,496
450,484
450,470
452,669
452,580
452,529
452,502
452,493
452,483
455,465
456,683
456,533
458,559
459,546
460,502
461,1425
461,557
463,1179
463,497
463,474
465,637
465,497
470,557
470,500
471,506
474,496
475,1878
475,1606
475,1597
475,1496
475,1334
475,1297
475,1294
475,1029
475,558
479,676
479,494
481,1374
481,1155
481,543
482,1882
482,1778
482,1374
482,1080
483,1885
483,1592
483,1367
483,1322
483,1235
483,1221
483,620
484,1831
484,1805
484,1482
484,1159
484,1110
484,976
484,645
484,609
485,556
487,1545
487,1349
487,497
488,570
488,491
488,489
489,544
490,606
492,1720
492,1645
493,1694
493,1313
493,546
493,516
493,513
493,510
494,553
495,604
495,506
496,671
497,1692
497,1210
497,606
498,563
498,500
502,591
503,1631
503,1400
503,1114
503,544
506,1013
506,567
506,548
507,1114
508,514
511,1673
511,537
512,1226
512,601
513,1882
513,1512
513,976
514,1320
515,1549
515,539
517,1688
517,1099
517,948
517,646
517,634
519,538
520,1844
520,962
520,555
521,562
521,553
522,563
523,1536
524,1122
524,570
525,1536
525,601
526,1750
526,1716
526,1653
526,1604
526,1376
526,1331
526,1311
526,1056
526,919
527,556
528,555
529,562
536,1616
537,1844
537,976
537,683
538,1675
538,915
538,604
542,1763
544,1870
544,1095
545,630
546,591
546,565
549,1777
553,1740
553,1536
556,565
560,1025
563,1595
563,1522
563,1222
566,1819
566,1695
566,1683
566,1357
566,1110
566,976
567,3604
567,1882
567,1514
567,570
570,645
575,622
580,1829
580,1584
580,610
584,672
584,609
588,655
591,1679
591,1473
591,1237
591,1104
593,617
596,1611
596,1313
596,1067
596,1044
596,940
597,678
597,617
598,644
601,1870
601,1844
601,1778
601,1742
601,930
601,666
606,1888
606,1761
606,1732
606,1339
606,1223
606,1149
606,1074
606,1041
606,960
606,610
611,631
612,616
614,1473
617,623
618,637
621,626
629,1487
634,1179
637,1877
637,1683
637,1612
637,1437
637,1392
637,1375
637,1303
637,1245
637,953
641,1857
641,1282
641,645
649,1445
651,1791
651,1624
651,1241
651,1109
651,913
651,680
651,669
669,1536
683,1179
687,849
688,812
688,711
690,824
694,715
696,814
696,698
697,869
697,762
697,700
698,763
699,813
701,705
703,829
703,755
705,840
705,783
705,779
706,766
706,764
706,723
708,777
709,760
710,731
711,824
715,773
718,849
719,846
719,754
721,810
722,739
723,803
724,808
724,807
724,790
724,737
726,849
727,807
728,760
728,757
730,765
731,838
733,759
734,822
734,797
735,834
737,751
737,739
739,834
745,849
747,821
747,787
748,834
751,815
752,848
753,864
754,844
755,832
758,834
759,846
769,804
772,878
772,838
772,830
772,803
773,817
774,844
777,850
777,840
777,837
777,805
777,800
781,820
781,799
781,792
784,817
794,834
794,810
800,843
810,876
816,818
819,842
820,827
829,840
830,848
835,836
862,3796
862,3596
896,1565
896,1507
896,1412
896,1159
897,1789
897,1730
897,1717
897,1563
897,1552
897,1517
897,1488
897,1375
897,1209
897,1101
897,980
898,1894
898,1347
898,1279
898,1235
900,1555
900,1015
902,1783
903,1273
905,1673
905,1543
905,1390
906,1864
906,1842
906,1727
906,1718
906,1562
906,1532
906,1124
906,947
907,1819
907,1796
907,1775
907,1651
907,1380
913,1765
913,1669
913,1653
913,1563
913,1559
913,1540
913,1522
913,1492
913,1483
913,1393
913,1355
913,1312
913,1265
913,1225
913,1160
913,1095
913,1075
914,1338
914,962
915,1515
915,1320
916,1881
916,1819
916,1794
916,1761
916,1689
916,1352
916,1344
916,1340
916,1334
916,1278
916,1205
916,1146
916,1132
916,1003
917,1632
917,1596
917,1462
917,1320
917,1284
919,1347
919,1148
919,1142
919,984
920,1799
920,1663
920,1630
920,1331
920,1135
920,925
921,1902
921,1868
921,1609
921,1590
921,1447
921,1271
921,1256
921,1235
921,1076
922,1697
922,1563
922,1431
922,1288
922,1238
922,1185
922,1126
924,1649
924,1273
924,1131
925,1564
925,1531
925,1441
925,1417
925,1380
925,1341
925,1280
925,1160
926,1665
926,1613
926,1402
926,1399
927,1852
927,1826
927,1659
927,1443
927,1341
927,1330
927,1288
927,1078
927,1028
927,1017
930,1543
930,1506
930,1222
931,1497
932,1819
932,1559
932,1532
932,1520
932,1437
932,1209
933,1786
933,1638
933,1587
933,1284
933,1121
934,1846
934,1754
934,1712
934,1540
934,1222
934,1116
934,1060
934,1059
935,1412
936,1318
936,1238
936,948
939,1785
939,1679
939,1080
940,1869
941,1576
942,1739
942,1680
942,1429
943,1001
944,1847
944,1672
944,1225
944,1127
946,1901
946,1542
946,1453
946,1317
946,1256
946,1101
946,1074
947,1891
947,1819
947,1718
947,1520
947,1513
947,1439
947,1280
947,1076
947,997
948,1624
948,1584
948,1406
948,1374
948,962
949,1152
949,1042
949,1011
950,1813
950,1806
951,1458
952,1845
952,1842
952,1809
952,1323
952,1163
952,1024
952,991
953,1883
953,1673
953,1545
953,1531
953,1399
953,1175
953,1171
953,1074
953,1054
954,1894
954,1587
954,1320
954,1309
954,1225
954,1155
957,1903
957,1790
959,1603
959,1524
959,1488
959,1458
959,1185
959,1173
960,1909
960,1819
960,1807
960,1741
960,1722
960,1702
960,1290
960,1280
960,1258
961,1528
962,1813
962,1536
962,1356
962,1277
962,1128
962,1010
963,1758
963,1334
963,968
964,1869
964,1533
964,1413
964,1382
964,1231
964,1226
964,1053
965,1633
966,1669
966,1639
966,1480
966,1407
966,1258
966,1175
967,1807
967,1765
967,1707
967,1491
967,1409
967,1398
967,1028
967,1004
968,1882
968,1867
968,1823
968,1730
968,1604
968,1393
968,1270
969,1273
969,1051
971,1686
971,1628
972,1483
972,1439
972,1391
972,1180
973,1827
973,1791
974,1428
974,1299
975,1373
975,1273
976,1427
977,1566
977,1469
977,1355
978,1752
978,1639
978,1618
978,1513
978,1497
978,1487
978,1457
978,1405
978,1290
978,1239
978,1196
978,1173
978,1032
980,1826
980,1736
980,1735
980,1678
980,1335
980,1181
980,1075
980,1006
981,1884
981,1247
981,1015
982,1685
982,1458
982,1397
982,1267
982,1074
983,1909
983,1800
983,1734
983,1590
983,1470
983,1267
984,1785
984,1763
984,1699
984,1392
986,1703
986,1052
988,1706
988,1638
988,1550
988,1404
988,1021
989,1828
989,1636
989,1303
989,1246
989,1215
989,1100
990,3331
990,3086
990,2688
991,1420
992,1569
992,1020
993,1909
993,1660
993,1173
993,1155
993,1056
994,1583
994,1018
995,1804
995,1544
995,1441
995,1346
995,1156
995,1130
997,1860
997,1752
997,1600
997,1540
997,1449
998,1377
999,1863
999,1809
999,1663
999,1644
999,1620
999,1580
999,1391
999,1329
999,1205
999,1160
1001,1870
1001,1848
1001,1696
1001,1660
1001,1633
1001,1574
1001,1504
1001,1330
1003,1879
1003,1757
1003,1620
1003,1522
1003,1444
1003,1437
1003,1365
1003,1230
1004,1836
1004,1832
1004,1619
1004,1458
1004,1398
1004,1377
1004,1365
1004,1217
1004,1156
1004,1084
1004,1054
1004,1048
1005,1904
1005,1188
1005,1134
1006,1685
1006,1570
1006,1470
1006,1407
1006,1076
1007,1309
1009,1812
1009,1706
1009,1438
1009,1436
1009,1303
1010,1575
1011,1620
1011,1275
1012,1893
1012,1768
1012,1679
1012,1673
1012,1367
1013,1536
1015,1790
1015,1515
1015,1475
1015,1438
1017,1600
1017,1538
1017,1523
1017,1483
1017,1175
1017,1146
1017,1040
1017,1026
1018,1715
1018,1694
1019,1576
1019,1412
1019,1148
1020,1850
1020,1616
1020,1227
1020,1086
1021,1603
1021,1273
1021,1082
1024,1722
1024,1662
1024,1561
1024,1532
1024,1457
1024,1149
1024,1049
1025,1875
1025,1375
1025,1361
1025,1349
1025,1155
1026,1632
1026,1551
1026,1516
1026,1487
1026,1294
1026,1205
1026,1128
1028,1809
1028,1795
1028,1750
1028,1723
1028,1542
1028,1539
1028,1488
1028,1470
1028,1293
1028,1238
1028,1230
1028,1199
1028,1135
1029,1614
1029,1590
1029,1497
1029,1334
1029,1075
1032,1630
1032,1592
1032,1183
1033,1410
1035,1885
1035,1807
1035,1760
1035,1744
1035,1366
1036,1728
1036,1086
1036,1082
1037,1699
1037,1473
1037,1366
1037,1189
1037,1188
1038,1117
1039,1746
1039,1116
1040,1886
1040,1746
1040,1734
1040,1471
1040,1340
1040,1312
1040,1302
1040,1214
1040,1149
1041,1320
1043,1851
1043,1469
1044,1647
1044,1379
1047,1791
1047,1718
1047,1674
1047,1623
1047,1539
1047,1538
1047,1528
1047,1214
1048,1849
1048,1644
1048,1402
1048,1289
1048,1242
1048,1219
1048,1199
1048,1076
1049,1811
1049,1287
1049,1238
1049,1182
1049,1143
1050,1434
1051,1818
1051,1502
1051,1435
1051,1304
1051,1255
1052,1667
1052,1446
1052,1277
1052,1183
1052,1135
1052,1128
1054,1902
1054,1882
1054,1782
1054,1559
1054,1551
1054,1393
1054,1369
1054,1214
1054,1126
1054,1076
1055,1845
1055,1352
1055,1255
1055,1156
1056,1863
1056,1826
1056,1336
1058,1861
1058,1388
1059,1858
1059,1826
1059,1741
1059,1670
1059,1456
1059,1407
1060,1871
1060,1583
1060,1425
1060,1122
1062,1667
1062,1189
1063,1863
1063,1772
1063,1723
1063,1712
1063,1491
1064,1645
1064,1574
1064,1549
1066,1655
1066,1190
1067,1108
1068,1844
1068,1819
1068,1570
1068,1538
1068,1269
1068,1124
1069,1845
1069,1659
1069,1613
1069,1416
1069,1409
1069,1367
1069,1293
1070,1895
1070,1406
1070,1072
1072,1310
1072,1275
1072,1170
1073,1603
1074,2597
1074,2327
1074,1874
1074,1827
1074,1753
1074,1717
1074,1665
1074,1610
1074,1609
1074,1597
1074,1589
1074,1488
1075,1710
1075,1662
1075,1321
1075,1149
1076,1905
1076,1863
1076,1771
1076,1618
1076,1614
1076,1272
1076,1101
1077,2180
1077,1912
1077,1567
1077,1211
1078,1700
1078,1652
1078,1639
1078,1483
1078,1444
1078,1207
1079,1836
1079,1617
1079,1556
1079,1520
1079,1341
1079,1269
1080,1549
1080,1508
1080,1490
1080,1396
1081,1716
1081,1404
1081,1382
1081,1316
1081,1158
1082,1862
1082,1786
1083,1813
1083,1570
1083,1369
1083,1182
1084,1861
1084,1730
1084,1530
1084,1399
1084,1376
1084,1117
1085,3604
1085,1140
1086,1816
1086,1751
1086,1725
1086,1636
1086,1625
1086,1612
1086,1591
1086,1578
1086,1575
1086,1469
1086,1359
1086,1345
1086,1292
1086,1263
1086,1122
1088,1217
1088,1175
1089,1348
1091,1813
1091,1669
1091,1391
1091,1344
1091,1172
1091,1132
1091,1117
1092,1772
1092,1613
1092,1288
1092,1101
1093,1897
1093,1246
1095,1809
1095,1773
1095,1767
1095,1734
1095,1122
1097,1593
1098,1564
1100,1661
1101,1886
1101,1823
1101,1737
1101,1678
1101,1603
1101,1407
1101,1389
1101,1334
1101,1114
1102,1279
1102,1246
1102,1237
1103,1729
1104,1649
1104,1616
1104,1503
1106,1715
1106,1667
1106,1624
1106,1553
1106,1540
1107,1685
1107,1651
1107,1420
1108,1875
1108,1716
1108,1709
1108,1533
1108,1129
1109,1895
1109,1713
1109,1355
1110,1774
1110,1662
1110,1302
1110,1271
1110,1255
1112,1643
1112,1608
1112,1335
1112,1302
1113,1677
1113,1397
1114,1849
1114,1773
1114,1732
1114,1723
1114,1429
1114,1200
1115,1812
1115,1525
1115,1170
1116,1753
1116,1471
1116,1364
1116,1238
1117,1858
1117,1735
1117,1702
1117,1365
1117,1291
1117,1180
1121,1236
1122,1794
1122,1742
1122,1694
1122,1584
1123,1605
1123,1556
1123,1534
1123,1520
1123,1457
1123,1401
1123,1375
1124,1868
1124,1836
1124,1833
1124,1572
1124,1516
1124,1513
1124,1480
1124,1456
1124,1393
1124,1390
1124,1380
1124,1370
1124,1302
1124,1293
1125,1851
1125,1622
1125,1470
1125,1407
1126,1422
1126,1416
1127,1412
1127,1275
1128,1907
1128,1891
1128,1871
1128,1683
1128,1665
1128,1283
1128,1159
1128,1132
1129,1781
1129,1273
1130,1797
1130,1758
1130,1717
1130,1685
1130,1663
1130,1626
1130,1620
1130,1359
1130,1182
1131,1536
1131,1356
1132,1845
1132,1520
1132,1436
1132,1205
1132,1173
1133,1816
1133,1768
1133,1612
1133,1585
1135,1842
1135,1359
1135,1220
1135,1156
1140,3263
1141,1633
1142,1573
1143,1597
1146,1844
1146,1699
1146,1609
1146,1566
1146,1534
1146,1449
1146,1280
1146,1271
1147,1427
1148,1818
1148,1679
1148,1215
1149,1867
1149,1721
1149,1715
1149,1522
1149,1520
1149,1519
1149,1380
1151,1399
1152,1781
1152,1343
1153,1907
1153,1715
1153,1540
1153,1527
1153,1375
1153,1217
1153,1192
1154,1660
1154,1313
1155,1721
1155,1439
1155,1290
1155,1175
1156,1774
1156,1255
1156,1195
1158,1426
1158,1221
1158,1190
1159,1745
1159,1663
1159,1379
1159,1226
1160,1811
1160,1574
1160,1512
1160,1321
1160,1198
1161,1836
1163,1902
1163,1538
1163,1491
1163,1401
1163,1222
1164,1774
1164,1365
1164,1285
1164,1256
1165,1214
1166,1738
1166,1606
1166,1575
1167,1848
1167,1261
1168,1236
1170,1636
1170,1536
1170,1454
1171,2923
1171,1772
1171,1335
1172,1735
1172,1491
1173,1735
1173,1687
1173,1600
1173,1562
1173,1542
1175,1877
1175,1849
1175,1718
1175,1537
1175,1369
1175,1367
1175,1205
1175,1183
1178,1705
1178,1505
1178,1437
1179,1694
1179,1557
1179,1506
1180,1842
1180,1721
1180,1718
1180,1639
1180,1488
1180,1367
1181,1835
1181,1782
1181,1685
1181,1563
1181,1470
1181,1182
1182,1836
1182,1736
1182,1501
1182,1465
1182,1407
1182,1230
1182,1209
1182,1201
1182,1196
1183,1869
1183,1785
1183,1770
1183,1334
1183,1281
1184,1329
1185,1898
1185,1388
1186,1892
1187,1401
1188,1296
1188,1241
1189,1791
1189,1739
1190,1894
1191,1883
1191,1809
1191,1772
1191,1761
1191,1752
1191,1646
1191,1542
1191,1487
1191,1239
1192,1526
1192,1350
1192,1349
1192,1303
1192,1291
1193,1806
1193,1441
1195,1888
1195,1775
1195,1305
1195,1250
1195,1243
1196,1471
1198,1662
1199,1907
1199,1752
1199,1689
1199,1644
1199,1639
1201,1816
1201,1623
1201,1318
1201,1312
1204,1907
1204,1763
1204,1739
1204,1414
1205,1816
1205,1735
1205,1724
1205,1678
1205,1398
1205,1380
1207,1845
1207,1819
1207,1613
1207,1589
1207,1547
1207,1352
1209,1842
1209,1839
1209,1524
1209,1420
1210,1682
1210,1406
1210,1372
1210,1349
1211,1898
1211,1861
1211,1769
1211,1717
1211,1519
1211,1340
1211,1329
1212,1675
1212,1570
1214,1865
1214,1799
1214,1761
1214,1603
1214,1538
1214,1399
1215,1436
1217,1831
1217,1740
1217,1662
1219,1717
1220,1877
1220,1617
1221,1649
1221,1392
1221,1236
1222,1874
1222,1668
1222,1656
1222,1572
1222,1542
1222,1522
1222,1420
1222,1278
1223,1766
1223,1621
1226,1897
1228,1584
1228,1259
1229,1903
1230,1804
1230,1618
1230,1532
1230,1467
1230,1435
1231,1894
1231,1729
1231,1417
1234,1781
1234,1473
1235,1820
1235,1677
1235,1412
1235,1286
1236,1738
1236,1699
1236,1624
1237,1826
1237,1695
1237,1563
1237,1305
1238,1805
1238,1491
1238,1242
1239,1620
1239,1516
1241,1638
1241,1489
1241,1286
1242,1894
1242,1769
1242,1761
1242,1467
1243,1418
1243,1370
1244,1343
1245,1611
1245,1525
1246,1459
1247,1662
1247,1569
1250,1900
1250,1614
1250,1385
1250,1312
1251,1511
1251,1433
1251,1325
1255,1900
1255,1868
1255,1789
1255,1688
1255,1484
1255,1449
1255,1437
1255,1417
1255,1365
1256,1532
1256,1278
1256,1269
1257,1649
1257,1429
1257,1350
1257,1316
1257,1282
1257,1277
1258,1762
1258,1549
1258,1469
1261,1512
1261,1438
1261,1400
1262,1539
1263,1717
1263,1444
1265,1730
1265,1487
1266,1539
1266,1389
1267,1609
1267,1528
1267,1334
1269,1811
1271,1845
1271,1796
1271,1639
1271,1623
1271,1595
1271,1594
1271,1516
1271,1369
1271,1290
1271,1273
1272,1883
1272,1522
1272,1334
1273,1608
1273,1488
1274,1791
1277,1320
1278,1911
1278,1685
1278,1563
1278,1532
1278,1341
1278,1288
1280,1761
1280,1646
1280,1644
1280,1620
1280,1612
1280,1370
1280,1351
1280,1291
1281,1704
1282,1565
1284,1848
1284,1515
1285,1891
1285,1737
1285,1669
1285,1524
1285,1522
1285,1389
1287,1752
1287,1723
1287,1688
1287,1556
1288,1752
1288,1662
1288,1584
1288,1538
1288,1509
1288,1334
1289,1909
1289,1810
1289,1662
1289,1535
1289,1532
1290,1861
1290,1846
1290,1712
1290,1644
1290,1604
1290,1547
1290,1391
1290,1375
1291,1845
1291,1843
1291,1821
1291,1807
1291,1710
1291,1522
1291,1519
1291,1513
1291,1470
1291,1423
1291,1402
1292,1742
1293,1861
1293,1833
1293,1757
1293,1752
1293,1393
1294,1522
1296,1469
1296,1313
1297,1908
1298,1827
1298,1647
1298,1382
1299,1785
1300,1473
1302,1861
1302,1845
1302,1334
1303,1459
1303,1406
1304,1828
1305,1619
1305,1594
1305,1580
1305,1539
1305,1435
1305,1336
1306,1727
1309,1716
1309,1699
1309,1631
1310,1709
1310,1435
1311,1699
1311,1695
1312,1851
1312,1639
1312,1439
1312,1422
1313,1397
1313,1371
1313,1343
1314,1703
1314,1468
1314,1444
1315,1751
1315,1436
1316,1628
1317,1590
1317,1376
1318,1334
1320,1420
1321,1540
1321,1528
1322,1706
1322,1578
1323,1858
1323,1810
1323,1757
1323,1538
1323,1532
1323,1420
1323,1351
1324,1808
1324,1704
1324,1392
1327,1753
1327,1737
1327,1653
1327,1480
1327,1367
1328,1579
1329,1809
1329,1665
1329,1492
1329,1429
1330,1754
1330,1752
1330,1597
1331,1810
1331,1752
1331,1710
1331,1688
1331,1678
1331,1669
1331,1595
1332,1850
1332,1831
1332,1673
1333,1876
1334,1843
1334,1606
1334,1528
1334,1480
1335,1750
1335,1741
1335,1524
1335,1480
1336,1864
1336,1741
1336,1352
1337,1804
1337,1380
1338,1767
1339,1864
1339,1774
1339,1668
1339,1470
1339,1407
1340,1754
1341,1811
1341,1807
1341,1453
1341,1404
1343,1767
1343,1686
1343,1632
1343,1600
1343,1497
1343,1457
1343,1361
1344,1551
1344,1535
1344,1528
1344,1485
1344,1409
1347,1875
1347,1873
1347,1706
1349,1454
1349,1385
1350,1884
1350,1436
1350,1382
1351,1819
1351,1810
1351,1447
1351,1376
1352,1836
1352,1442
1352,1435
1352,1434
1356,1844
1356,1596
1357,1861
1357,1425
1357,1377
1358,1549
1359,1836
1359,1827
1359,1750
1359,1737
1359,1734
1359,1683
1359,1674
1359,1528
1361,2629
1361,2283
1361,2135
1361,1752
1361,1724
1361,1617
1361,1598
1361,1369
1364,1729
1364,1658
1365,1753
1365,1391
1366,1815
1367,1779
1367,1662
1367,1608
1367,1590
1369,1809
1369,1799
1369,1793
1369,1758
1369,1714
1369,1678
1369,1614
1369,1542
1370,1669
1370,1623
1371,1747
1373,1899
1373,1680
1375,1891
1375,1692
1375,1680
1375,1675
1375,1643
1375,1540
1375,1431
1376,1809
1376,1580
1376,1553
1376,1451
1377,1715
1377,1652
1377,1517
1379,1742
1380,1810
1380,1782
1380,1617
1380,1612
1384,1889
1385,1566
1387,1624
1388,1799
1388,1491
1388,1416
1389,1791
1389,1665
1390,1900
1390,1688
1390,1675
1390,1559
1390,1528
1391,1907
1391,1897
1391,1861
1391,1724
1391,1553
1391,1523
1392,1881
1392,1587
1392,1487
1393,1539
1393,1465
1395,1718
1396,1591
1397,1420
1398,1864
1398,1598
1398,1456
1399,1900
1399,1861
1399,1435
1400,1679
1401,1902
1401,1768
1402,1902
1402,1685
1402,1637
1402,1612
1402,1535
1404,1903
1404,1872
1404,1820
1404,1790
1404,1655
1404,1569
1405,3263
1405,2849
1405,1793
1405,1683
1405,1659
1405,1611
1405,1609
1406,1508
1407,1898
1407,1861
1407,1816
1407,1467
1408,1751
1408,1699
1409,1825
1409,1422
1412,1625
1413,1820
1413,1417
1414,1899
1415,1495
1415,1418
1416,1819
1416,1551
1418,1668
1419,3285
1419,2739
1419,1447
1420,1791
1420,1741
1420,1610
1420,1561
1420,1524
1422,1813
1422,1776
1422,1545
1422,1530
1422,1464
1423,1812
1423,1638
1423,1475
1424,1613
1425,1694
1425,1692
1425,1455
1426,1611
1429,1833
1431,1658
1431,1561
1431,1513
1434,1796
1434,1577
1434,1554
1435,1796
1435,1764
1435,1723
1435,1663
1435,1620
1436,1533
1436,1525
1437,1886
1437,1746
1437,1621
1437,1563
1437,1477
1439,1819
1439,1662
1439,1605
1439,1530
1439,1491
1440,1796
1440,1746
1440,1662
1441,1524
1441,1513
1444,1819
1444,1710
1444,1673
1444,1580
1445,1656
1447,1734
1447,1590
1448,1647
1449,1646
1450,3262
1451,1508
1452,1803
1453,1888
1453,1783
1453,1620
1453,1580
1454,1638
1454,1533
1454,1459
1455,1899
1455,1565
1458,1597
1458,1509
1459,1625
1459,1578
1460,1804
1460,1795
1461,1528
1462,1638
1463,1791
1463,1669
1463,1570
1463,1470
1465,2531
1465,2438
1465,2410
1465,2318
1465,2275
1465,2174
1465,1557
1467,1879
1467,1547
1469,1481
1470,1898
1470,1842
1470,1584
1470,1547
1470,1488
1471,1539
1471,1524
1472,1831
1472,1828
1472,1790
1473,1899
1473,1897
1473,1794
1473,1610
1473,1539
1475,1635
1477,2883
1477,1852
1478,1731
1479,1709
1479,1592
1480,1909
1480,1846
1480,1827
1480,1813
1480,1663
1480,1608
1483,1735
1483,1620
1483,1554
1483,1528
1483,1522
1483,1509
1485,1902
1485,1804
1485,1697
1485,1617
1485,1609
1487,1804
1487,1753
1487,1722
1487,1636
1487,1522
1488,1795
1488,1753
1488,1580
1488,1571
1489,1899
1490,1812
1490,1679
1490,1514
1491,1845
1491,1782
1491,1590
1492,1536
1496,1910
1497,1843
1497,1833
1497,1826
1497,1559
1499,1674
1501,1799
1501,1520
1502,1818
1503,1841
1504,1894
1504,1781
1505,3262
1505,3214
1505,2875
1505,2793
1505,2775
1505,2684
1508,1862
1508,1790
1513,1800
1513,1585
1513,1538
1515,1745
1516,1644
1516,1639
1517,1761
1517,1669
1517,1662
1517,1600
1517,1590
1517,1589
1518,1644
1519,1883
1519,1754
1519,1734
1519,1668
1520,1900
1520,1883
1520,1826
1520,1718
1522,1771
1522,1717
1523,1590
1523,1584
1523,1539
1524,1852
1524,1839
1524,1823
1524,1735
1524,1721
1524,1683
1524,1598
1524,1590
1524,1571
1524,1559
1525,1848
1525,1688
1529,1744
1530,1900
1530,1791
1530,1772
1530,1639
1530,1614
1530,1609
1530,1605
1532,1741
1532,1674
1534,2813
1534,2685
1534,1553
1535,1879
1535,1849
1535,1796
1535,1622
1535,1598
1536,1901
1536,1869
1536,1540
1537,1772
1537,1553
1538,1827
1538,1809
1538,1723
1538,1689
1538,1571
1539,1714
1539,1688
1540,1637
1542,1909
1542,1864
1542,1663
1543,1716
1543,1695
1544,1584
1549,1630
1550,1862
1550,1786
1551,1900
1551,1858
1551,1652
1551,1564
1552,1800
1553,1774
1553,1746
1556,1877
1556,1736
1556,1712
1556,1637
1556,1597
1557,1858
1557,1826
1559,1900
1559,1644
1559,1572
1561,1780
1561,1708
1562,1819
1563,1750
1563,1630
1565,1888
1565,1879
1566,1813
1566,1768
1570,1836
1570,1832
1570,1782
1570,1571
1571,1891
1571,1886
1571,1750
1571,1612
1572,1886
1572,1867
1572,1623
1572,1621
1573,1859
1573,1679
1575,1728
1575,1647
1575,1646
1577,2564
1577,2561
1577,2530
1577,2392
1577,2387
1577,2386
1577,2345
1577,1879
1577,1598
1580,1858
1580,1717
1580,1669
1580,1600
1584,1885
1584,1832
1584,1763
1584,1723
1584,1699
1584,1644
1584,1637
1587,1715
1590,1909
1590,1867
1590,1752
1591,1703
1592,1903
1592,1859
1593,1798
1594,1793
1595,1848
1595,1621
1597,1909
1597,1891
1597,1699
1598,1890
1598,1813
1598,1626
1600,1849
1600,1823
1600,1637
1603,1658
1603,1617
1604,1814
1604,1612
1605,1886
1605,1793
1605,1791
1606,1692
1609,1885
1609,1833
1609,1723
1609,1626
1610,1897
1610,1774
1612,1754
1612,1700
1612,1665
1613,1846
1614,1845
1618,1754
1619,1818
1619,1765
1619,1754
1620,1771
1620,1723
1621,1829
1621,1653
1622,1816
1622,1665
1623,1846
1623,1789
1623,1774
1623,1772
1625,1897
1625,1881
1625,1767
1625,1671
1626,1861
1626,1846
1626,1793
1626,1768
1626,1685
1628,1820
1628,1729
1629,1699
1630,1818
1634,1738
1635,1807
1637,1652
1639,1769
1641,1687
1642,3331
1642,3066
1643,1864
1644,1842
1644,1702
1645,1660
1646,1789
1649,1807
1651,1774
1652,1830
1652,1669
1653,1885
1653,1750
1653,1734
1654,1660
1655,1884
1658,1750
1659,1789
1659,1761
1661,1787
1661,1755
1662,1846
1662,1793
1663,1830
1665,1724
1665,1683
1666,2797
1666,2727
1666,1721
1667,1681
1668,1867
1668,1819
1668,1750
1669,1851
1670,1685
1673,1897
1674,1851
1675,1752
1675,1746
1675,1712
1675,1689
1677,1882
1679,1746
1680,1720
1680,1695
1683,1765
1683,1753
1684,1858
1685,1774
1686,1893
1688,1796
1689,1772
1692,1831
1701,1803
1702,2007
1702,1886
1702,1782
1703,1884
1703,1794
1709,1903
1713,1825
1714,1774
1717,1879
1717,1765
1718,2592
1718,2420
1718,2237
1718,2036
1718,1975
1718,1842
1718,1810
1720,1903
1720,1876
1720,1812
1721,1891
1722,1900
1722,1860
1722,1782
1723,1796
1724,1833
1726,3264
1726,3253
1726,3049
1726,1877
1730,1900
1730,1877
1734,1810
1735,1805
1737,1842
1740,1870
1741,1902
1741,1768
1741,1752
1742,1875
1742,1794
1743,1756
1744,1885
1747,1897
1750,1898
1750,1843
1752,1816
1753,1813
1753,1793
1754,1868
1754,1810
1758,3276
1758,3165
1761,1891
1761,1793
1763,1801
1765,1845
1767,1853
1768,1885
1768,1844
1768,1771
1769,1846
1770,1785
1772,1833
1772,1826
1773,1871
1774,1791
1778,1861
1778,1831
1779,1842
1779,1782
1781,1828
1782,1789
1783,1903
1785,1848
1791,1810
1791,1809
1793,1891
1793,1849
1793,1795
1794,1841
1794,1812
1795,1813
1796,1835
1799,1909
1800,1861
1800,1853
1804,1874
1805,1833
1810,1842
1813,1863
1816,1849
1819,1902
1821,1868
1823,1883
1825,1847
1826,1832
1828,1859
1828,1857
1832,1874
1835,1863
1839,1851
1845,1877
1858,1909
1872,1884
1876,1881
1884,1893
1898,1900
1913,2639
1913,2510
1913,2282
1913,2145
1914,1968
1914,1928
1916,2472
1916,2458
1916,2366
1916,2293
1916,1959
1917,2574
1917,2552
1917,2137
1917,1989
1918,2429
1918,2383
1918,2288
1918,2210
1918,2149
1920,2478
1920,2401
1920,2344
1920,2296
1920,2254
1920,2163
1921,2194
1921,2087
1921,2006
1922,1965
1923,2544
1923,2182
1923,2042
1923,2036
1924,2592
1924,2490
1925,2581
1925,2545
1925,2467
1925,2451
1925,2121
1925,2040
1925,2005
1926,2616
1926,2445
1926,2438
1926,2408
1926,2393
1926,2046
1926,2029
1927,2508
1927,2016
1928,2259
1929,2623
1929,2609
1929,2605
1929,2471
1929,2350
1929,2212
1929,2063
1930,2581
1930,2570
1930,2325
1931,2435
1931,2279
1931,2153
1931,1951
1932,2604
1932,2496
1932,2482
1932,2395
1932,2394
1932,2334
1932,2231
1932,1997
1932,1959
1934,2181
1934,2162
1934,2117
1934,2031
1936,2322
1938,2504
1938,2485
1938,2287
1938,2261
1938,2246
1938,2010
1939,2533
1939,2417
1939,2315
1939,2174
1939,1995
1940,2601
1940,2547
1940,2543
1940,2468
1940,2367
1940,2225
1941,2603
1941,2568
1941,2432
1941,2389
1941,2329
1941,2303
1941,2261
1942,2574
1942,2489
1942,2462
1942,2188
1942,2083
1942,1997
1943,2554
1943,2545
1943,2519
1943,2287
1943,2234
1943,2086
1944,2417
1944,2175
1945,2557
1945,2200
1945,2190
1945,1951
1946,2055
1946,2047
1946,2032
1947,2649
1947,2398
1947,2137
1947,2096
1948,2616
1948,2601
1948,2508
1948,2473
1948,2243
1948,2223
1948,2139
1948,2127
1948,2062
1948,2031
1950,2494
1950,1972
1951,2016
1952,2344
1952,2322
1952,2275
1952,2209
1952,2102
1953,2578
1953,2553
1953,2299
1953,2208
1953,2179
1953,2134
1953,2131
1953,2069
1953,2002
1954,2647
1954,2617
1954,2602
1954,2424
1954,2194
1954,2144
1954,2048
1955,2631
1955,2440
1955,2095
1955,1994
1956,2105
1957,2156
1958,1999
1959,2529
1959,2519
1959,2478
1959,2298
1959,2247
1959,2240
1959,2118
1961,2580
1961,2512
1961,2372
1961,1972
1962,2609
1962,2499
1962,2478
1962,2427
1962,2246
1962,1997
1963,2539
1963,2511
1963,2449
1963,2443
1963,2414
1963,2407
1963,2347
1963,2179
1963,2086
1963,2058
1964,2372
1964,2327
1964,2293
1964,2158
1964,2116
1964,2032
1965,2318
1965,2238
1965,2181
1966,2546
1966,2539
1966,2442
1966,2420
1966,2372
1966,2350
1966,2200
1966,2153
1966,2021
1968,2494
1968,2292
1969,2377
1970,2594
1970,2519
1970,2473
1970,2254
1970,2250
1970,2137
1971,2649
1971,2553
1971,2393
1971,1986
1973,2567
1973,2447
1973,2293
1973,2194
1973,2012
1975,2133
1976,2529
1976,2110
1977,2540
1977,2031
1979,2591
1979,2472
1979,2454
1979,2449
1979,2334
1979,2306
1979,2279
1979,2007
1980,2627
1980,2459
1981,2637
1981,2273
1981,2266
1981,2038
1983,2556
1983,2254
1983,2196
1984,2490
1984,2391
1984,2259
1985,2598
1985,2454
1985,2417
1985,2344
1985,2293
1985,2235
1985,2199
1985,2134
1985,2096
1986,2646
1986,2573
1986,2552
1986,2501
1986,2491
1986,2293
1986,2240
1986,2212
1986,2172
1987,2642
1987,2465
1987,2428
1987,2364
1987,2361
1987,2340
1987,2333
1987,2282
1987,2226
1987,2032
1988,2458
1989,2368
1989,2064
1990,2371
1991,2642
1993,2613
1993,2544
1993,2465
1993,2239
1993,2194
1993,2087
1993,2072
1993,2028
1994,2652
1994,2589
1994,2588
1994,2556
1994,2522
1994,2250
1994,2224
1994,2176
1994,2151
1995,2249
1997,2597
1997,2533
1997,2521
1997,2520
1997,2469
1997,2046
1999,2494
1999,2447
1999,2202
2002,2553
2002,2496
2002,2460
2002,2377
2002,2275
2002,2161
2002,2072
2003,2372
2003,2315
2003,2182
2003,2153
2003,2121
2004,2284
2004,2111
2004,2071
2005,2631
2005,2573
2005,2234
2005,2179
2005,2140
2006,2640
2006,2435
2007,2558
2007,2354
2007,2250
2007,2150
2007,2049
2009,2633
2009,2620
2009,2465
2009,2328
2009,2319
2009,2225
2009,2128
2010,2608
2010,2501
2010,2499
2010,2379
2010,2277
2010,2099
2011,2620
2011,2285
2012,2284
2013,2620
2014,2297
2014,2022
2016,2658
2016,2633
2018,2659
2018,2543
2019,2574
2019,2207
2020,2630
2020,2463
2020,2430
2020,2261
2020,2143
2020,2095
2020,2077
2021,2646
2021,2556
2021,2500
2021,2472
2021,2468
2021,2427
2021,2334
2021,2224
2021,2115
2021,2057
2023,2465
2023,2176
2023,2160
2023,2128
2024,2384
2024,2338
2024,2223
2025,2494
2026,2428
2026,2356
2026,2302
2026,2278
2026,2249
2026,2172
2026,2154
2026,2032
2027,2620
2027,2417
2028,2589
2028,2572
2028,2491
2028,2474
2028,2331
2028,2132
2028,2036
2029,2047
2030,2442
2030,2429
2030,2333
2030,2300
2030,2279
2030,2234
2031,2637
2031,2489
2031,2313
2031,2236
2031,2203
2031,2107
2032,2305
2032,2248
2032,2215
2032,2137
2032,2117
2032,2075
2033,2542
2033,2399
2033,2128
2035,2497
2035,2362
2036,2319
2036,2279
2036,2145
2036,2141
2037,2495
2037,2150
2037,2071
2037,2039
2038,2324
2038,2291
2038,2246
2039,2573
2039,2501
2039,2300
2039,2247
2039,2044
2040,2588
2040,2554
2040,2498
2040,2333
2042,2512
2042,2465
2042,2343
2042,2241
2042,2186
2042,2174
2043,2524
2043,2512
2043,2427
2043,2183
2043,2135
2043,2056
2044,2544
2044,2532
2044,2258
2044,2220
2044,2200
2044,2149
2045,2524
2045,2333
2045,2288
2046,2520
2046,2333
2046,2306
2046,2288
2046,2056
2047,2522
2047,2389
2047,2324
2047,2280
2047,2155
2048,2553
2048,2537
2048,2491
2048,2416
2048,2328
2048,2186
2048,2141
2048,2069
2049,2322
2049,2268
2051,2375
2051,2129
2052,2547
2052,2484
2052,2472
2052,2445
2052,2327
2052,2318
2052,2223
2053,2611
2053,2589
2053,2575
2053,2502
2053,2427
2053,2379
2053,2368
2053,2259
2053,2232
2053,2115
2054,2612
2054,2521
2054,2425
2054,2275
2054,2242
2054,2232
2055,2563
2055,2549
2055,2409
2055,2384
2055,2057
2056,2590
2056,2588
2056,2258
2056,2190
2057,2436
2057,2367
2057,2319
2057,2232
2057,2183
2057,2144
2058,2532
2058,2475
2058,2430
2058,2348
2058,2278
2058,2183
2058,2059
2059,2462
2059,2213
2059,2183
2059,2065
2060,2579
2060,2561
2060,2546
2060,2374
2060,2087
2061,2494
2061,2365
2062,2404
2062,2393
2062,2353
2062,2309
2062,2267
2062,2252
2062,2223
2062,2143
2062,2115
2063,2276
2063,2199
2063,2169
2063,2135
2064,2631
2065,2581
2065,2574
2065,2555
2065,2404
2065,2276
2065,2226
2065,2099
2066,2328
2066,2289
2066,2286
2066,2224
2067,2150
2068,2610
2068,2581
2068,2525
2068,2322
2068,2257
2069,2454
2069,2433
2069,2419
2071,2630
2071,2627
2071,2544
2071,2485
2071,2419
2071,2278
2071,2225
2071,2200
2071,2190
2072,2606
2072,2324
2072,2221
2072,2087
2073,2491
2073,2224
2074,2512
2074,2484
2074,2469
2074,2138
2074,2092
2075,2649
2075,2417
2075,2343
2075,2307
2075,2294
2075,2283
2077,2584
2077,2350
2077,2326
2078,2473
2078,2393
2078,2189
2080,2628
2080,2379
2080,2260
2081,2636
2081,2581
2081,2516
2081,2410
2081,2362
2081,2285
2081,2266
2081,2216
2081,2208
2081,2139
2081,2124
2081,2093
2083,2394
2083,2328
2083,2223
2083,2176
2083,2154
2084,2574
2084,2542
2084,2471
2084,2446
2084,2213
2084,2154
2085,2511
2085,2327
2085,2325
2085,2317
2085,2214
2085,2155
2086,2606
2086,2582
2086,2516
2086,2351
2086,2243
2086,2210
2086,2121
2087,2612
2087,2474
2087,2468
2087,2425
2087,2396
2087,2394
2087,2355
2087,2310
2088,2303
2088,2102
2089,2260
2090,2606
2090,2531
2090,2109
2091,2219
2092,2646
2092,2443
2092,2329
2092,2240
2092,2115
2092,2093
2093,2385
2093,2302
2095,2532
2095,2460
2095,2327
2095,2164
2096,2384
2096,2274
2096,2239
2096,2221
2098,2537
2098,2414
2098,2409
2098,2408
2098,2393
2098,2386
2098,2356
2098,2309
2098,2253
2098,2240
2099,2598
2099,2572
2099,2372
2099,2368
2101,2628
2101,2543
2101,2465
2101,2246
2101,2208
2101,2194
2101,2185
2102,2592
2102,2489
2102,2319
2102,2308
2102,2277
2102,2184
2102,2141
2103,2418
2104,2576
2104,2575
2104,2516
2104,2478
2104,2115
2105,2371
2107,2608
2108,2115
2109,2234
2109,2218
2110,2526
2110,2486
2110,2174
2110,2133
2111,2575
2111,2542
2111,2503
2111,2278
2112,2122
2115,2384
2115,2369
2116,2659
2116,2582
2116,2550
2116,2392
2116,2377
2116,2239
2116,2146
2116,2132
2117,2509
2117,2462
2117,2438
2117,2398
2117,2313
2117,2309
2117,2120
2118,2289
2118,2247
2118,2234
2118,2164
2118,2138
2119,2282
2120,2424
2120,2341
2120,2236
2121,2629
2121,2429
2121,2387
2121,2303
2121,2302
2121,2280
2121,2242
2121,2210
2121,2164
2122,2467
2122,2383
2122,2329
2123,2606
2123,2246
2124,2613
2124,2592
2125,2608
2125,2312
2125,2275
2125,2244
2125,2132
2126,2328
2126,2251
2127,2501
2127,2377
2127,2347
2127,2180
2128,2556
2128,2413
2130,2581
2131,2646
2131,2333
2131,2303
2132,2520
2132,2473
2132,2338
2132,2224
2132,2188
2132,2143
2133,2429
2133,2393
2133,2390
2133,2261
2133,2215
2134,2512
2134,2211
2135,2607
2135,2362
2135,2331
2135,2273
2135,2192
2135,2177
2135,2147
2136,2560
2136,2531
2136,2521
2136,2495
2136,2352
2136,2324
2136,2191
2136,2187
2137,2539
2137,2501
2137,2348
2137,2211
2138,2542
2138,2498
2138,2409
2138,2214
2138,2172
2138,2139
2139,2393
2139,2258
2139,2196
2139,2179
2140,2469
2140,2300
2141,2246
2142,2643
2142,2597
2142,2572
2142,2511
2142,2180
2143,2653
2143,2589
2143,2438
2143,2356
2143,2305
2143,2300
2143,2226
2143,2188
2144,2571
2144,2550
2144,2533
2144,2414
2144,2165
2145,2629
2145,2497
2145,2397
2145,2214
2146,2658
2147,2655
2147,2526
2147,2446
2147,2201
2148,2590
2148,2556
2148,2410
2148,2367
2148,2334
2148,2240
2148,2189
2149,2309
2149,2295
2149,2243
2149,2205
2150,2574
2150,2153
2151,2531
2151,2408
2151,2332
2151,2318
2151,2298
2151,2280
2151,2191
2151,2183
2152,2440
2153,2635
2153,2529
2153,2512
2153,2480
2153,2173
2154,2613
2154,2328
2155,2445
2155,2267
2155,2224
2155,2185
2155,2174
2155,2169
2157,2659
2157,2598
2157,2194
2161,2605
2161,2531
2161,2502
2161,2318
2161,2298
2161,2239
2162,2534
2162,2406
2162,2174
2163,2498
2163,2491
2163,2374
2164,2602
2164,2543
2164,2504
2164,2478
2164,2390
2164,2336
2164,2183
2165,2539
2165,2467
2165,2379
2165,2279
2165,2258
2165,2194
2166,2362
2169,2652
2169,2574
2169,2440
2169,2274
2171,2406
2172,2613
2172,2518
2172,2423
2173,2659
2173,2508
2173,2468
2173,2372
2174,2538
2174,2516
2174,2367
2175,2187
2176,2653
2176,2597
2176,2568
2176,2537
2176,2274
2176,2249
2176,2231
2176,2226
2177,2479
2179,2536
2179,2410
2179,2368
2180,2571
2180,2538
2180,2449
2180,2366
2180,2297
2180,2225
2183,2460
2183,2306
2183,2185
2184,2423
2184,2338
2184,2336
2185,2419
2185,2291
2185,2267
2185,2222
2186,2543
2186,2534
2186,2361
2186,2246
2186,2209
2187,2603
2187,2492
2187,2447
2187,2408
2187,2192
2188,2555
2188,2508
2188,2476
2188,2292
2189,2635
2189,2537
2189,2348
2189,2340
2189,2198
2191,2608
2191,2547
2191,2423
2191,2410
2191,2334
2191,2299
2191,2244
2191,2198
2193,2267
2194,2637
2194,2381
2194,2362
2194,2218
2194,2215
2196,2537
2196,2468
2196,2462
2196,2237
2197,2618
2197,2612
2197,2474
2198,2612
2198,2609
2198,2571
2198,2519
2198,2491
2198,2436
2198,2222
2198,2203
2199,2632
2199,2427
2199,2404
2199,2314
2200,2622
2200,2468
2200,2391
2200,2300
2201,2519
2203,2635
2203,2620
2203,2609
2203,2518
2203,2452
2203,2243
2203,2209
2205,2336
2206,2524
2206,2476
2206,2384
2206,2303
2207,2638
2207,2499
2207,2467
2208,2630
2208,2601
2208,2598
2208,2532
2208,2472
2208,2266
2209,2567
2209,2417
2209,2333
2209,2314
2210,2652
2210,2468
2210,2387
2210,2308
2211,2414
2211,2344
2211,2343
2211,2285
2212,2592
2212,2575
2212,2391
2212,2354
2212,2311
2212,2224
2213,2574
2213,2539
2213,2408
2213,2338
2213,2287
2214,2509
2215,2526
2215,2459
2215,2396
2215,2232
2216,2563
2216,2556
2216,2348
2216,2278
2218,2302
2221,2463
2222,2610
2222,2582
2223,2629
2223,2482
2223,2447
2223,2315
2223,2237
2224,2239
2225,2659
2226,2590
2226,2555
2226,2522
2226,2341
2226,2335
2226,2275
2228,2547
2228,2417
2228,2373
2228,2335
2229,2643
2229,2294
2230,2519
2230,2398
2231,2508
2232,2503
2232,2380
2232,2351
2232,2332
2232,2243
2233,2617
2233,2462
2233,2449
2233,2344
2234,2489
2235,2475
2235,2436
2235,2400
2235,2345
2236,2474
2236,2313
2237,2619
2237,2609
2237,2504
2237,2477
2237,2350
2237,2307
2237,2303
2237,2266
2239,2652
2239,2592
2239,2563
2240,2451
2241,2653
2241,2623
2241,2511
2241,2502
2241,2461
2241,2390
2241,2355
2241,2348
2242,2649
2242,2475
2242,2458
2242,2438
2243,2519
2243,2417
2243,2307
2244,2547
2244,2533
2244,2279
2246,2547
2246,2465
2246,2458
2246,2250
2246,2249
2247,2589
2247,2512
2247,2415
2247,2358
2247,2261
2249,2263
2249,2259
2250,2550
2250,2540
2250,2438
2250,2425
2250,2336
2250,2293
2251,2371
2253,2506
2253,2495
2253,2462
2253,2372
2253,2259
2254,2420
2254,2397
2254,2378
2254,2361
2256,2296
2257,2584
2257,2484
2257,2328
2258,2655
2258,2619
2258,2591
2258,2567
2258,2423
2259,2502
2259,2478
2259,2436
2259,2389
2259,2332
2260,2588
2261,2597
2262,2356
2264,2653
2264,2629
2264,2436
2264,2348
2265,2514
2266,2315
2267,2530
2268,2652
2268,2392
2268,2310
2271,2489
2273,2581
2273,2537
2273,2438
2273,2394
2273,2324
2274,2598
2275,2629
2275,2598
2275,2575
2275,2336
2275,2315
2276,2555
2276,2428
2277,2577
2278,2601
2278,2518
2278,2299
2278,2289
2278,2282
2279,2628
2279,2586
2279,2520
2279,2507
2279,2438
2279,2374
2280,2609
2280,2516
2280,2398
2282,2589
2282,2425
2282,2367
2282,2355
2283,2571
2283,2340
2285,2529
2285,2414
2285,2363
2287,2615
2287,2556
2287,2499
2287,2383
2287,2290
2288,2564
2288,2501
2288,2461
2288,2429
2289,2604
2289,2519
2289,2501
2289,2317
2290,2572
2291,2566
2291,2480
2291,2325
2292,2502
2292,2434
2292,2427
2293,2460
2293,2423
2294,2642
2294,2540
2295,2637
2295,2593
2296,2653
2296,2335
2296,2333
2296,2298
2298,2560
2299,2482
2299,2446
2299,2334
2300,2451
2300,2344
2300,2315
2300,2311
2302,2379
2302,2362
2303,2623
2303,2539
2303,2532
2303,2507
2303,2353
2303,2340
2304,2543
2304,2533
2304,2330
2305,2461
2306,2426
2307,2398
2308,2546
2308,2543
2308,2530
2308,2491
2308,2391
2308,2336
2309,2338
2309,2311
2310,2641
2310,2637
2311,2563
2311,2542
2311,2323
2313,2544
2313,2436
2313,2335
2315,2539
2315,2510
2315,2468
2316,2474
2318,2461
2319,2625
2319,2591
2319,2566
2319,2537
2319,2495
2319,2428
2319,2345
2321,2659
2321,2634
2323,2387
2324,2574
2324,2567
2324,2546
2324,2438
2324,2390
2326,2336
2327,2656
2327,2571
2327,2467
2327,2399
2327,2339
2328,2635
2328,2462
2329,2600
2329,2420
2330,2472
2331,2575
2331,2536
2332,2588
2332,2502
2332,2449
2333,2623
2333,2571
2333,2563
2333,2542
2333,2436
2334,2423
2336,2495
2336,2489
2336,2413
2338,2588
2338,2445
2338,2342
2339,2543
2339,2539
2339,2443
2339,2372
2340,2391
2340,2372
2341,2644
2341,2610
2343,2555
2344,2508
2344,2506
2345,2642
2345,2516
2345,2393
2347,2589
2347,2538
2347,2479
2347,2458
2347,2383
2348,2427
2348,2404
2350,2641
2350,2604
2350,2563
2350,2520
2350,2516
2351,2610
2351,2519
2351,2403
2351,2363
2352,2551
2352,2489
2353,2468
2355,2637
2355,2526
2355,2498
2355,2367
2356,2404
2359,2573
2359,2468
2359,2449
2359,2407
2362,2531
2362,2511
2364,2491
2366,2571
2366,2517
2366,2509
2367,2555
2367,2534
2367,2526
2367,2482
2367,2463
2368,2623
2368,2549
2368,2496
2368,2472
2368,2398
2370,2445
2370,2392
2371,2557
2371,2420
2371,2388
2372,2526
2372,2389
2372,2387
2374,2418
2376,2499
2377,2589
2377,2502
2377,2473
2378,2598
2378,2510
2379,2642
2379,2438
2381,2522
2383,2539
2383,2446
2384,2655
2384,2556
2384,2546
2384,2506
2384,2427
2385,2630
2385,2610
2386,2574
2387,2550
2387,2495
2387,2491
2387,2484
2389,2657
2389,2463
2389,2399
2390,2484
2390,2482
2390,2463
2391,2549
2391,2546
2391,2418
2392,2643
2392,2624
2392,2454
2392,2419
2393,2590
2393,2586
2393,2460
2394,2414
2394,2398
2394,2395
2395,2575
2395,2478
2395,2451
2395,2409
2397,2440
2398,2643
2398,2516
2398,2509
2398,2498
2405,2455
2406,2589
2407,2606
2407,2521
2407,2462
2408,2616
2410,2629
2411,2441
2413,2547
2415,2608
2415,2510
2415,2480
2415,2416
2416,2517
2416,2463
2417,2510
2417,2465
2418,2573
2418,2526
2419,2526
2420,2649
2420,2635
2420,2590
2420,2544
2422,2448
2422,2439
2423,2623
2423,2576
2425,2651
2427,2619
2427,2604
2428,2643
2428,2631
2428,2574
2429,2654
2429,2629
2429,2434
2430,2551
2432,2651
2432,2475
2433,2631
2433,2489
2434,2643
2434,2597
2434,2557
2434,2519
2434,2508
2436,2630
2436,2603
2436,2530
2438,2610
2438,2557
2438,2504
2438,2473
2440,2659
2440,2617
2440,2540
2440,2525
2440,2474
2442,2526
2443,2649
2443,2556
2445,2509
2448,2659
2448,2570
2448,2450
2449,2484
2452,2531
2454,2532
2454,2467
2458,2590
2458,2524
2458,2498
2459,2585
2461,2637
2462,2623
2462,2606
2462,2592
2463,2608
2463,2542
2464,2613
2464,2608
2464,2598
2465,2642
2465,2639
2465,2631
2465,2479
2466,2550
2467,2584
2467,2563
2467,2551
2467,2504
2468,2641
2468,2629
2468,2592
2469,2563
2469,2504
2472,2623
2472,2588
2472,2583
2472,2578
2472,2530
2472,2475
2473,2646
2473,2498
2474,2618
2475,2567
2475,2550
2475,2525
2476,2579
2476,2573
2476,2564
2476,2509
2476,2500
2477,2630
2478,2604
2478,2555
2479,2592
2482,2574
2484,2581
2485,2579
2486,2553
2489,2598
2489,2591
2489,2575
2489,2526
2489,2511
2489,2501
2491,2630
2494,2633
2495,2499
2496,2589
2497,2637
2498,2641
2499,2551
2499,2504
2500,2622
2500,2576
2501,2589
2501,2571
2501,2533
2501,2507
2502,2617
2508,2517
2508,2512
2510,2531
2511,2642
2512,2660
2512,2646
2512,2617
2512,2522
2514,2582
2516,2624
2516,2602
2518,2540
2519,2652
2519,2609
2519,2597
2520,2623
2522,2530
2524,2623
2524,2555
2525,2547
2526,2642
2530,2652
2530,2575
2530,2531
2531,2566
2536,2638
2538,2660
2539,2576
2542,2547
2543,2635
2543,2584
2544,2653
2546,2549
2547,2623
2548,2621
2550,2579
2552,2622
2552,2560
2555,2659
2555,2560
2557,2588
2557,2582
2560,2609
2562,2614
2563,2655
2567,2649
2568,2608
2570,2656
2572,2600
2573,2646
2576,2655
2576,2615
2580,2582
2582,2594
2584,2589
2585,2627
2588,2635
2588,2617
2588,2589
2592,2649
2598,2637
2603,2637
2605,2625
2616,2640
2619,2622
2629,2655
2652,2653
2661,3212
2661,3124
2661,3027
2661,2858
2661,2840
2661,2823
2661,2728
2661,2684
2662,3421
2662,3334
2662,3331
2662,3297
2663,3301
2663,2987
2664,3036
2664,3026
2664,2928
2664,2887
2665,3358
2665,3355
2665,3252
2665,3235
2665,3145
2665,3081
2665,3051
2665,3002
2665,2816
2665,2713
2665,2700
2666,3184
2666,3065
2666,2967
2666,2757
2667,3321
2667,3207
2667,2875
2668,3419
2668,3353
2668,3113
2668,3049
2668,2936
2668,2849
2668,2831
2668,2718
2669,3293
2669,3195
2669,3073
2669,3052
2672,3385
2672,3172
2672,3109
2672,3106
2672,2995
2672,2973
2672,2840
2672,2836
2673,3195
2673,3056
2673,2966
2673,2913
2673,2873
2674,3060
2675,3351
2675,3297
2675,3296
2675,3208
2675,3049
2675,2770
2675,2718
2676,3052
2676,2956
2676,2929
2676,2874
2676,2786
2677,3340
2677,3241
2677,2780
2679,3228
2679,3130
2679,2909
2679,2872
2680,3142
2681,3384
2681,3036
2681,3022
2681,2911
2682,3266
2683,3040
2683,2925
2683,2920
2684,3296
2684,2748
2685,3285
2686,3186
2686,2868
2686,2825
2687,3225
2687,3117
2687,3097
2689,3279
2689,3174
2689,3052
2689,2993
2689,2749
2690,3259
2690,2863
2692,3198
2692,2780
2693,3335
2693,3150
2693,2955
2694,3185
2694,3038
2694,2993
2694,2850
2694,2759
2695,3414
2696,3172
2696,3072
2697,3260
2698,3399
2698,3384
2698,3114
2698,3073
2698,3054
2701,2833
2702,3252
2702,3154
2702,2914
2702,2784
2705,3364
2705,2750
2705,2717
2706,3388
2706,3033
2707,3280
2707,2904
2707,2718
2708,3297
2708,3082
2710,3042
2710,3026
2710,2920
2710,2919
2711,3320
2711,3219
2711,2841
2712,3397
2712,3178
2712,2871
2712,2823
2713,3356
2713,3355
2713,2824
2713,2753
2715,3381
2715,3150
2715,3116
2716,3386
2716,3340
2716,2849
2717,2994
2717,2874
2718,3082
2719,3296
2719,3253
2719,3152
2719,2836
2720,3279
2720,3204
2720,3203
2720,2996
2722,3132
2723,3076
2723,2748
2724,3190
2724,3017
2724,2820
2725,3409
2725,2730
2726,3232
2726,3123
2726,2866
2726,2754
2728,3342
2729,3324
2729,3321
2729,3065
2729,2910
2729,2850
2729,2749
2730,3265
2730,3103
2730,2870
2730,2832
2731,3168
2731,3047
2731,2916
2733,3397
2733,3330
2733,3267
2733,3017
2733,2845
2734,2883
2734,2791
2735,3412
2735,3162
2735,3034
2738,3324
2738,3129
2739,3360
2739,3219
2739,3136
2739,3100
2741,3014
2741,2810
2741,2763
2742,3292
2742,3211
2742,3005
2742,2840
2742,2783
2742,2764
2743,3362
2743,3026
2743,2967
2743,2919
2744,3358
2744,2932
2745,3388
2745,2854
2745,2769
2746,3025
2746,2782
2746,2756
2746,2755
2747,2797
2748,3072
2748,3017
2748,2970
2748,2960
2748,2955
2748,2905
2748,2791
2748,2778
2749,3117
2749,3104
2750,3384
2750,3315
2750,3257
2750,3228
2751,3431
2751,3393
2751,3344
2751,3199
2751,3098
2753,3335
2753,3018
2753,2932
2753,2781
2754,3393
2754,3084
2754,3080
2754,2994
2754,2888
2754,2869
2755,2915
2755,2773
2756,3348
2756,3040
2756,2974
2756,2761
2757,3047
2757,2994
2757,2993
2757,2880
2757,2773
2757,2759
2758,3415
2758,2775
2759,3054
2759,2912
2759,2782
2762,3389
2762,3185
2762,3072
2763,3029
2763,2786
2764,3416
2764,3393
2764,3168
2764,2765
2765,3224
2765,3152
2765,2787
2766,2956
2768,2845
2769,3333
2769,3022
2770,3170
2770,2992
2771,3404
2772,3419
2772,3367
2772,3224
2772,3188
2772,2833
2773,3129
2773,2960
2773,2880
2773,2835
2775,3199
2775,3091
2775,2964
2777,3029
2777,2887
2778,3278
2778,3168
2778,3050
2778,2989
2778,2936
2779,3154
2780,3358
2780,3345
2780,3150
2781,3259
2782,3433
2782,2874
2782,2873
2783,3118
2784,3391
2784,2921
2785,3421
2785,3116
2786,3231
2787,3378
2787,3337
2787,3276
2787,3265
2787,3006
2787,2846
2789,2907
2789,2877
2790,3035
2791,3272
2793,3366
2793,3341
2793,3274
2793,3194
2793,3192
2793,2996
2794,3237
2794,3029
2794,2944
2794,2940
2795,3277
2795,3034
2795,2992
2795,2871
2796,3391
2796,3296
2796,3100
2796,2823
2796,2802
2797,3287
2797,3280
2797,2904
2800,3390
2800,2909
2802,3280
2803,3415
2803,3403
2803,3075
2804,3389
2804,3107
2804,3021
2805,2949
2806,3226
2806,2960
2806,2908
2806,2866
2807,2873
2809,3004
2810,3388
2810,2896
2811,3120
2812,3366
2812,3065
2812,2951
2812,2816
2815,3364
2815,3135
2815,3054
2815,2907
2816,3358
2816,3353
2819,3378
2819,3298
2819,3201
2819,3077
2819,2918
2822,2946
2823,3411
2823,3386
2823,3319
2823,2995
2823,2989
2825,3173
2827,3286
2827,3095
2827,2912
2828,3154
2828,3150
2828,3089
2828,2904
2829,3434
2829,3196
2829,3018
2830,3415
2830,3406
2830,3169
2830,3140
2830,3132
2831,3335
2832,3365
2832,2951
2832,2882
2832,2881
2833,3198
2833,3087
2833,3032
2833,2976
2833,2955
2834,3382
2835,3384
2835,3184
2835,3149
2835,3040
2835,2872
2835,2850
2836,3144
2839,2897
2840,3383
2840,3280
2840,3007
2841,3099
2841,2921
2843,3386
2843,3043
2844,3321
2844,3016
2844,3007
2844,2976
2845,3379
2845,2863
2846,3102
2846,3097
2846,2868
2847,3086
2848,3380
2848,3357
2848,3115
2848,2858
2849,3203
2849,3197
2849,3097
2849,2996
2849,2976
2850,3433
2850,2988
2851,3384
2851,3293
2851,3174
2852,3135
2852,3085
2852,2896
2853,3346
2853,3288
2853,3253
2853,3009
2853,2989
2853,2950
2854,3257
2854,3044
2854,2867
2855,3353
2855,3288
2856,3385
2858,3118
2858,3067
2859,3258
2859,3240
2859,3089
2862,2896
2862,2872
2863,3353
2863,3326
2863,3076
2864,3123
2865,3266
2865,3068
2867,3052
2868,3288
2868,2973
2868,2937
2869,3393
2869,3367
2869,3329
2869,3298
2869,3097
2869,3089
2869,3006
2870,3351
2870,3273
2870,3024
2872,3010
2872,2948
2873,2927
2874,3390
2874,3130
2874,3085
2874,3014
2875,3113
2875,3009
2876,3335
2876,3297
2877,3014
2878,3379
2878,3341
2878,3335
2880,3394
2880,3158
2880,3044
2881,3379
2881,3168
2881,3144
2881,3101
2881,3097
2881,3041
2881,3035
2883,3353
2883,3185
2884,3324
2887,3092
2887,2960
2887,2931
2890,2911
2891,3426
2891,3098
2891,3096
2891,3054
2892,3359
2892,3287
2892,3089
2892,2900
2894,3351
2894,3321
2894,3051
2894,3046
2895,3233
2896,3243
2896,3226
2896,3004
2897,3433
2897,3339
2897,3213
2900,3371
2900,3361
2900,3273
2901,3412
2901,2995
2904,3120
2904,3038
2904,3007
2904,2989
2905,3414
2905,3390
2905,3096
2905,3044
2905,3030
2905,3004
2908,3387
2908,3293
2909,3304
2909,3084
2909,3056
2910,3431
2911,2994
2912,3430
2913,3228
2913,3215
2913,3135
2913,2920
2914,3421
2914,3224
2914,3206
2914,3177
2914,3169
2914,3102
2914,3070
2916,3293
2916,3286
2916,3135
2916,3020
2917,3174
2917,3085
2918,3330
2918,3124
2920,3166
2920,3000
2920,2948
2920,2945
2921,3330
2921,3276
2923,3434
2923,3233
2924,3394
2924,3229
2924,3022
2925,3137
2925,3073
2927,3345
2927,3098
2929,3301
2929,3237
2929,3065
2929,3056
2929,3004
2931,3339
2931,3232
2931,3168
2932,3420
2932,3321
2932,2942
2933,3339
2934,3313
2934,3233
2935,3117
2936,3350
2936,3274
2937,3307
2937,3088
2939,3198
2939,3170
2941,3337
2941,3089
2942,3324
2943,3387
2943,3339
2943,3104
2943,2956
2944,3364
2944,3184
2944,3036
2945,3426
2945,3085
2945,3084
2945,3025
2947,3321
2947,3167
2947,2984
2948,3096
2948,3056
2948,3025
2948,3022
2948,2974
2950,3434
2950,3206
2950,2973
2951,3297
2951,3186
2951,3046
2953,3426
2953,3394
2953,3284
2953,3098
2954,3196
2955,3421
2956,3137
2958,3431
2958,3356
2958,3355
2958,3346
2958,3221
2958,3207
2958,3138
2958,3005
2960,3095
2960,3080
2960,2977
2961,3228
2961,3095
2962,3177
2962,3086
2964,3252
2964,3196
2964,3170
2964,3081
2965,3397
2965,3179
2965,3017
2965,2991
2965,2989
2966,3010
2968,3072
2969,3294
2969,3130
2969,2996
2970,3335
2970,3199
2970,3188
2970,3154
2971,3409
2973,3148
2973,3097
2976,3205
2977,3364
2977,3033
2978,3428
2979,3330
2979,3204
2981,3193
2981,3022
2984,3150
2984,3082
2985,3153
2986,3010
2987,3184
2987,3080
2989,3265
2990,3344
2991,3366
2991,3321
2991,3182
2991,3079
2992,3366
2993,3433
2993,3430
2993,3394
2993,3096
2993,3080
2993,3022
2994,3394
2994,3363
2995,3405
2995,3291
2995,3252
2995,3118
2996,3320
2997,3005
2999,3330
2999,3224
3000,3345
3000,3339
3001,3347
3001,3132
3002,3398
3002,3347
3002,3133
3002,3116
3002,3111
3004,3348
3004,3301
3005,3396
3005,3391
3005,3296
3005,3221
3005,3140
3007,3225
3007,3150
3007,3079
3009,3316
3009,3097
3011,3377
3011,3330
3011,3100
3011,3069
3013,3072
3014,3284
3015,3352
3015,3154
3015,3076
3016,3410
3016,3256
3016,3235
3017,3288
3017,3280
3017,3160
3018,3274
3018,3256
3018,3160
3019,3373
3019,3355
3019,3060
3020,3381
3020,3259
3021,3298
3021,3120
3021,3050
3021,3032
3021,3027
3022,3433
3023,3362
3023,3303
3024,3347
3025,3417
3025,3269
3026,3237
3026,3130
3027,3267
3027,3207
3027,3146
3027,3132
3027,3088
3027,3035
3030,3123
3032,3221
3033,3090
3034,3424
3034,3405
3034,3295
3034,3240
3035,3403
3035,3291
3035,3109
3036,3362
3038,3159
3039,3288
3040,3363
3040,3301
3040,3250
3041,3383
3041,3070
3043,3190
3043,3062
3046,3169
3046,3051
3047,3364
3047,3324
3047,3073
3049,3327
3049,3256
3050,3379
3050,3221
3051,3265
3051,3259
3051,3241
3051,3206
3051,3146
3054,3294
3054,3220
3054,3163
3056,3119
3058,3185
3058,3148
3058,3140
3060,3274
3060,3093
3061,3259
3062,3415
3062,3248
3063,3212
3063,3081
3064,3384
3064,3238
3068,3273
3069,3416
3069,3345
3070,3418
3072,3381
3072,3167
3072,3128
3072,3100
3073,3426
3073,3243
3073,3184
3075,3342
3075,3331
3076,3357
3076,3169
3077,3157
3079,3393
3079,3265
3079,3209
3079,3152
3079,3101
3081,3312
3082,3102
3084,3226
3086,3385
3087,3410
3087,3349
3087,3239
3087,3156
3088,3411
3088,3321
3089,3356
3089,3347
3089,3182
3090,3414
3090,3304
3090,3294
3090,3237
3090,3228
3090,3213
3090,3129
3090,3095
3092,3228
3092,3142
3093,3197
3094,3296
3094,3102
3097,3256
3100,3331
3100,3262
3100,3256
3100,3176
3100,3140
3103,3273
3106,3380
3106,3261
3107,3416
3107,3353
3107,3326
3107,3280
3107,3276
3107,3252
3107,3160
3108,3274
3108,3220
3109,3194
3110,3206
3110,3162
3113,3367
3113,3289
3113,3273
3113,3171
3115,3353
3115,3281
3115,3145
3116,3240
3117,3421
3117,3347
3117,3190
3117,3146
3118,3334
3118,3198
3120,3377
3120,3274
3120,3172
3123,3364
3123,3220
3124,3225
3130,3229
3132,3403
3133,3274
3133,3207
3133,3177
3136,3310
3136,3267
3136,3146
3137,3388
3138,3359
3140,3276
3140,3206
3140,3144
3142,3394
3144,3434
3145,3224
3145,3160
3146,3385
3146,3337
3146,3185
3148,3219
3149,3436
3150,3421
3150,3353
3150,3256
3150,3239
3150,3214
3151,3419
3151,3296
3152,3345
3152,3189
3154,3182
3157,3275
3160,3212
3162,3326
3162,3320
3162,3204
3166,3362
3166,3257
3167,3203
3168,3410
3168,3253
3168,3220
3169,3182
3171,3247
3171,3185
3173,3255
3176,3323
3176,3252
3177,3422
3177,3410
3177,3406
3177,3378
3178,3412
3178,3273
3179,3377
3179,3252
3179,3225
3185,3353
3185,3233
3187,3342
3187,3312
3187,3274
3190,3246
3191,3420
3191,3210
3192,3255
3194,3378
3194,3345
3198,3344
3199,3385
3201,3422
3201,3335
3202,3388
3203,3274
3203,3273
3203,3241
3204,3381
3204,3357
3205,3403
3206,3386
3206,3265
3207,3307
3209,3406
3209,3319
3210,3347
3211,3359
3211,3267
3212,3393
3212,3287
3213,3390
3214,3361
3214,3270
3214,3224
3215,3344
3219,3279
3220,3384
3224,3395
3224,3320
3225,3330
3227,3232
3228,3301
3232,3294
3233,3397
3234,3433
3235,3355
3235,3330
3236,3358
3239,3342
3240,3267
3246,3334
3247,3411
3247,3353
3247,3261
3248,3329
3250,3345
3253,3410
3253,3299
3253,3277
3255,3330
3256,3359
3256,3337
3257,3417
3258,3421
3258,3260
3259,3331
3259,3285
3260,3381
3265,3396
3272,3431
3272,3396
3272,3299
3272,3296
3274,3395
3274,3342
3275,3397
3275,3341
3276,3347
3277,3342
3278,3319
3280,3411
3281,3287
3287,3412
3289,3337
3291,3367
3292,3373
3293,3294
3294,3363
3296,3330
3297,3350
3297,3347
3299,3335
3302,3361
3304,3435
3304,3394
3306,3434
3315,3363
3319,3360
3319,3347
3321,3374
3326,3392
3327,3331
3330,3352
3332,3421
3332,3416
3334,3379
3335,3396
3337,3434
3337,3350
3353,3406
3369,3409
3373,3411
3373,3406
3385,3386
3387,3433
3406,3411
3426,3433
3433,3435
3440,3642
3442,3482
3443,3680
3449,3736
3449,3697
3449,3658
3449,3527
3450,3938
3450,3687
3450,3559
3452,3971
3452,3542
3452,3471
3455,3678
3456,3838
3456,3721
3456,3518
3457,3721
3458,3758
3458,3631
3459,3843
3459,3738
3463,3973
3463,3810
3463,3553
3463,3519
3466,3671
3466,3593
3470,3831
3471,3677
3471,3596
3472,3876
3474,3825
3474,3768
3475,3625
3479,3717
3481,3824
3482,3831
3483,3834
3483,3568
3484,3540
3486,3631
3488,3755
3488,3628
3491,3948
3491,3926
3491,3563
3491,3492
3492,3707
3492,3677
3493,3515
3495,3913
3495,3731
3495,3677
3496,3741
3496,3604
3497,3633
3498,3608
3499,3718
3499,3558
3501,3670
3503,3736
3504,3540
3505,3964
3505,3615
3507,3738
3508,3663
3510,3724
3510,3711
3510,3535
3512,3971
3512,3611
3514,3609
3516,3717
3517,3824
3517,3788
3517,3661
3518,3966
3520,3817
3520,3633
3520,3563
3521,3702
3521,3628
3525,3586
3525,3578
3526,3977
3527,3684
3527,3573
3528,3877
3531,3811
3532,3834
3533,3677
3533,3635
3534,3706
3540,3788
3540,3779
3540,3642
3540,3625
3540,3603
3540,3577
3542,3734
3543,3596
3543,3559
3545,3847
3548,3800
3549,3949
3552,3968
3553,3907
3554,3602
3555,3909
3557,3861
3559,3734
3559,3658
3560,3674
3561,3655
3561,3630
3561,3577
3562,3962
3562,3918
3563,3703
3564,3754
3566,3966
3568,3937
3568,3830
3568,3678
3571,3782
3573,3962
3573,3677
3574,3687
3574,3633
3576,3851
3577,3971
3577,3779
3577,3601
3578,3884
3578,3586
3584,3645
3590,3644
3591,3870
3591,3829
3591,3825
3591,3604
3593,3945
3599,3759
3601,3945
3601,3602
3603,3702
3604,3930
3604,3929
3604,3866
3604,3822
3604,3724
3604,3703
3604,3693
3604,3670
3609,3717
3609,3677
3610,3956
3613,3703
3615,3722
3617,3898
3617,3866
3618,3831
3621,3891
3621,3673
3623,3931
3623,3855
3625,3943
3625,3850
3627,3658
3629,3715
3631,3909
3631,3634
3633,3755
3634,3909
3634,3786
3634,3777
3635,3911
3635,3674
3638,3699
3640,3930
3640,3788
3640,3672
3651,3785
3651,3737
3651,3731
3652,3738
3653,3749
3654,3891
3654,3832
3656,3839
3656,3780
3663,3835
3666,3740
3670,3684
3671,3834
3672,3943
3672,3828
3674,3966
3674,3860
3674,3838
3674,3732
3677,3971
3677,3842
3677,3707
3678,3735
3680,3726
3683,3852
3684,3950
3686,3830
3687,3851
3687,3828
3690,3900
3693,3930
3693,3842
3696,3698
3697,3891
3697,3780
3702,3756
3703,3845
3706,3914
3706,3859
3706,3810
3706,3722
3707,3966
3713,3842
3715,3722
3718,3782
3721,3966
3722,3906
3722,3830
3722,3735
3728,3778
3730,3830
3731,3756
3734,3805
3735,3773
3736,3877
3741,3928
3750,3962
3750,3889
3752,3786
3752,3777
3754,3786
3756,3860
3756,3845
3758,3915
3760,3858
3765,3948
3769,3921
3769,3907
3772,3979
3772,3916
3777,3834
3779,3800
3780,3832
3780,3785
3785,3959
3786,3976
3793,3829
3794,3915
3797,3873
3800,3930
3804,3832
3817,3852
3823,3951
3825,3933
3826,3973
3828,3877
3829,3933
3830,3931
3838,3962
3841,3889
3841,3886
3847,3930
3850,3941
3852,3889
3858,3971
3866,3941
3870,3927
3878,3924
3881,3951
3913,3966
3914,3956
3930,3950
3966,3968
3993,4000
3996,3998
3998,4030
4013,4027
4021,4023
user 2,friend 2
1,196
1,191
1,164
3,232
3,141
3,10
7,302
7,271
7,170
13,170
13,72
19,151
20,289
21,298
22,213
25,338
25,127
26,246
27,213
27,203
29,103
31,231
31,211
31,117
34,569
34,417
38,213
38,62
39,315
39,231
39,158
40,106
40,84
41,149
45,248
45,119
48,285
48,67
50,339
50,315
50,295
51,98
54,88
55,342
55,251
56,196
56,178
56,121
57,290
60,117
62,313
62,297
63,238
63,118
63,113
64,229
64,208
67,314
67,232
67,130
72,315
72,98
73,257
75,257
76,336
79,334
80,271
83,168
85,238
87,211
88,185
93,144
94,196
94,184
98,257
98,159
103,290
103,148
104,213
105,311
107,2543
107,2475
107,1932
107,547
107,537
107,480
109,280
113,329
113,324
113,315
113,207
113,141
117,311
117,199
118,338
118,311
119,156
122,338
122,313
123,238
125,188
128,224
128,191
129,285
130,178
132,302
132,148
136,2628
136,2606
136,2468
136,2366
136,2315
136,2297
136,2242
136,2134
136,1942
137,149
139,211
139,187
141,223
141,203
142,342
146,332
146,266
146,246
150,231
150,199
156,345
158,331
158,238
159,300
159,232
161,344
161,165
163,280
164,211
165,248
165,184
168,211
169,339
169,249
170,172
172,338
173,481
173,213
176,344
176,332
176,322
176,283
176,248
185,207
186,313
186,248
187,332
188,203
196,199
197,345
199,268
200,318
200,308
203,298
203,281
207,238
207,211
217,331
221,283
223,277
225,321
232,345
232,257
236,331
236,323
238,338
239,248
242,303
248,272
251,280
252,344
257,339
257,338
265,323
271,295
274,285
276,280
277,329
280,308
295,323
296,325
300,302
313,334
315,340
325,332
348,1515
348,1514
350,936
350,439
350,360
350,359
352,546
352,417
352,389
353,1770
353,1742
353,1620
353,1600
353,1464
353,1382
353,1282
353,556
353,523
355,420
357,1338
357,488
359,446
359,410
359,407
360,646
360,634
360,504
360,436
361,491
362,523
362,497
362,483
363,1826
363,1778
363,1462
363,1245
363,601
363,557
363,434
363,415
363,382
365,512
366,1870
366,1278
366,516
366,456
367,968
367,565
367,526
367,517
367,463
368,651
369,511
369,404
369,400
370,1425
370,1155
370,936
370,673
370,488
370,487
370,442
370,404
372,397
372,391
373,1790
373,1277
374,609
374,423
375,1400
375,669
376,1861
376,1766
376,1436
376,1093
376,924
376,671
376,641
376,435
378,1086
378,557
378,536
378,512
378,442
380,551
381,475
381,455
382,546
382,536
382,479
382,396
385,1324
385,1237
385,1179
385,651
385,416
387,549
387,500
388,606
388,553
388,410
389,1727
391,1148
391,535
391,455
392,461
392,440
392,400
394,570
394,523
394,465
394,430
395,1104
395,539
396,591
396,497
396,405
397,433
398,520
400,1179
400,536
400,521
402,555
402,538
402,503
403,1320
403,566
403,493
404,458
404,416
404,410
407,565
407,466
408,1374
408,930
409,539
409,532
410,517
410,511
410,444
412,1812
412,653
412,646
412,556
412,420
413,570
414,1606
414,1574
414,1374
414,1313
414,491
414,444
415,1778
415,601
415,544
415,423
416,477
417,1744
417,1487
417,1294
417,948
417,487
417,484
417,442
418,439
418,437
418,428
418,422
419,1408
419,1332
419,570
419,507
419,491
420,1855
420,1273
420,1106
420,523
420,455
420,442
421,569
421,475
421,462
421,429
422,1828
422,543
423,1512
423,1086
423,676
424,563
425,566
425,517
425,463
426,591
426,557
427,669
428,1744
428,1730
428,1699
428,646
428,645
428,455
430,919
431,1514
431,1408
431,437
432,543
432,500
432,469
434,1446
434,1332
434,1320
434,637
434,549
434,452
435,460
436,1767
436,1606
436,913
436,537
438,1332
438,654
438,567
438,558
438,544
438,504
439,1545
439,669
439,558
440,524
440,473
442,491
442,450
444,1155
444,571
445,566
445,557
445,531
446,962
446,652
446,471
449,1217
452,1179
452,614
452,591
452,569
452,556
452,474
452,458
455,594
455,538
455,536
455,513
455,491
455,474
456,548
456,544
457,495
458,537
458,517
458,493
458,481
460,1358
460,580
460,565
460,519
461,1740
461,635
461,618
463,1313
463,1294
463,651
463,530
463,526
463,493
463,465
465,1695
465,1446
465,1155
465,531
466,470
470,546
470,539
470,493
471,604
471,495
473,1408
473,559
473,531
473,521
473,490
473,485
475,1893
475,1688
477,520
478,483
479,1692
479,604
479,514
482,1732
482,1473
482,1358
482,510
483,1275
483,1238
483,1079
483,1078
483,903
483,571
484,1777
484,1734
484,1714
484,1709
484,1530
484,1513
484,1367
484,1255
484,1226
484,1210
484,1146
484,1113
484,1047
484,962
484,948
484,932
484,556
485,548
485,500
488,1095
488,514
489,562
490,580
490,556
490,497
492,1313
493,1620
493,1595
493,651
494,1679
494,1114
494,555
495,517
496,1545
496,1490
496,1282
496,601
496,584
496,519
497,936
497,539
498,558
500,1400
500,1318
500,1013
502,669
503,641
504,542
504,526
506,526
507,1512
507,1237
507,560
507,554
508,591
508,566
511,936
513,671
514,1878
514,1549
514,936
514,641
515,630
516,1745
516,540
517,1654
517,1583
517,1001
517,969
520,1300
520,1155
523,620
524,1677
524,1313
524,535
525,1688
525,1679
525,1160
525,1012
525,560
525,556
526,1907
526,1858
526,1823
526,1608
526,1522
526,1437
526,1408
526,1375
526,1292
526,1269
526,1160
526,1159
526,1083
526,946
526,932
527,560
536,556
536,553
537,930
537,606
537,565
538,1723
538,1406
538,1217
538,1142
538,546
540,563
543,645
544,1882
544,1881
544,1237
544,610
546,634
547,1179
547,591
548,1427
548,580
549,565
549,557
551,563
553,1545
555,1882
555,634
556,669
556,604
559,634
560,1882
560,614
561,1692
561,569
563,1754
563,1661
563,1061
563,982
566,1789
566,1778
566,1660
566,1628
566,1222
566,1004
567,3578
567,3530
575,598
580,1746
580,1475
580,1397
580,1149
580,920
587,1179
588,636
588,625
588,605
590,616
590,601
591,1475
591,1210
592,631
595,665
596,1862
596,1786
596,1706
596,1298
596,1170
596,969
596,957
596,683
597,685
598,672
601,1179
604,685
606,1907
606,1790
606,1735
606,1725
606,1634
606,1485
606,1423
606,1392
606,1192
609,657
611,685
614,1767
614,678
614,625
621,678
623,630
625,626
629,1179
629,1155
629,669
637,1870
637,1767
637,1659
637,1625
637,1603
637,1587
637,1571
637,1524
637,1322
637,962
639,1512
641,1899
641,1870
641,1199
641,968
645,1778
645,1536
645,1122
649,1674
651,1768
651,1549
651,1482
651,1376
651,1238
651,1117
663,664
664,672
665,681
669,962
671,1536
687,835
687,834
687,760
687,740
688,806
688,781
688,700
690,719
691,786
693,827
693,800
693,797
694,880
694,844
694,723
694,718
694,700
696,847
696,771
696,762
697,817
697,784
697,711
698,842
698,751
701,727
703,849
703,784
703,778
703,710
705,856
706,794
706,792
706,747
706,730
706,728
709,724
709,719
710,815
711,734
713,790
713,725
718,772
718,760
718,754
720,780
723,728
724,772
724,747
726,846
726,728
727,843
727,783
727,774
728,814
731,842
731,809
731,761
734,838
734,836
734,834
736,840
737,829
738,754
739,769
739,765
742,795
751,833
751,823
752,846
752,812
755,819
755,760
758,831
759,834
759,778
760,833
762,807
763,821
764,819
764,812
764,770
765,828
766,779
772,810
774,794
781,803
783,834
787,819
803,834
803,814
807,820
812,856
814,851
816,834
821,853
825,882
826,837
827,856
827,840
832,849
834,836
838,853
840,851
857,3674
862,3877
862,3673
862,3601
896,1167
897,1865
897,1680
897,1577
897,1434
897,1341
897,1269
897,1017
897,952
898,1596
898,1417
898,1241
898,1158
900,1725
900,1705
900,1328
902,1903
902,1830
902,1812
902,1292
902,1066
902,1015
902,1014
903,938
905,1681
905,1289
906,1793
906,1668
906,1597
906,1516
906,1317
906,1123
907,1613
907,1600
907,1376
907,1222
907,1164
907,952
907,916
908,978
912,1906
912,1743
913,1835
913,1809
913,1746
913,1725
913,1569
913,1503
913,1205
913,1080
914,1070
915,1604
915,1462
915,1148
915,1109
916,1836
916,1653
916,1600
916,1556
916,1401
917,1643
917,1616
917,1601
917,1453
917,1417
917,1348
917,1259
917,1231
917,1186
917,1132
919,1881
919,1680
919,1489
919,1392
919,1273
919,1018
920,1826
920,1610
920,1283
920,1265
920,1214
920,1191
920,1051
921,1721
921,1619
921,1192
921,1028
921,978
922,1483
922,1323
922,1243
922,1172
922,1117
922,1029
923,1361
924,1818
924,1762
924,1633
924,1624
924,1454
924,1435
924,1244
925,1911
925,1902
925,1849
925,1843
925,1434
926,1530
926,1367
926,1335
926,1185
927,1911
927,1844
927,1754
927,1632
927,1605
927,1538
927,1398
927,1047
927,997
929,2760
930,1683
930,1313
932,1891
932,1811
932,1600
932,1542
932,1530
932,1458
932,1377
933,1630
933,1490
933,1282
934,1573
934,1569
934,1487
934,1361
934,1191
934,1083
934,1078
935,1373
935,1303
935,1284
936,1893
936,1717
936,1689
936,1631
936,1439
936,1409
936,1135
937,1275
937,1246
937,1226
938,1316
938,963
939,1694
940,1260
940,1011
941,1241
942,1715
942,1611
942,1192
942,1093
942,1009
943,1025
944,1820
944,1435
944,1170
945,1824
946,1881
946,1723
946,1641
946,1577
946,1380
946,1334
946,1175
946,980
947,1793
947,1674
947,1644
947,1544
947,1542
947,1435
947,1388
947,1209
947,1149
947,1047
947,1040
948,1017
950,1803
950,1765
950,1753
950,1389
951,1537
951,1073
952,1891
952,1659
952,1556
952,1357
952,1238
952,1162
952,983
953,1532
953,1525
953,1164
953,1094
953,1006
953,972
954,1691
954,1504
954,1418
954,1247
954,1060
957,1502
959,1874
959,1735
959,1622
959,1612
959,1467
959,1390
959,1377
959,1341
959,1068
960,1717
960,1626
960,1597
960,1524
960,1243
961,1626
961,1589
961,1561
962,1906
962,1807
962,1622
962,1535
962,1470
962,1391
962,1374
962,981
963,1732
964,1757
964,1472
964,1248
964,1148
964,969
965,1258
966,1758
966,1561
966,1551
966,1467
966,1377
966,1247
967,1670
967,1600
967,1551
967,1417
967,1237
967,1086
968,1885
968,1826
968,1504
968,1502
968,1453
968,1420
968,1375
968,1341
968,1323
968,1312
968,1305
968,1298
968,1185
969,1259
971,1818
971,1596
971,1345
972,1827
972,1813
972,1688
972,1683
972,1665
972,1535
972,1263
972,1255
972,1153
973,1779
973,1644
974,1624
974,1496
975,1720
975,1584
975,1229
975,1148
975,1066
976,1844
976,1396
976,1025
978,1805
978,1737
978,1735
978,1619
978,1530
978,1480
978,1444
978,1442
978,1365
978,1151
978,1130
978,1125
978,1075
978,1028
978,1024
979,1896
980,1710
980,1598
980,1534
980,1420
980,1339
980,1285
980,1280
980,1110
981,1284
981,1082
982,1826
982,1761
982,1737
982,1662
982,1530
982,1401
982,1079
982,1069
983,1597
983,1335
983,1184
983,1182
983,1128
983,1003
983,995
984,1529
984,1479
985,1807
986,1141
987,1642
987,1593
987,1223
988,1887
988,1086
988,1060
989,1448
990,3306
990,3199
990,2779
990,1702
991,1863
991,1613
991,1580
991,1323
991,1112
993,1897
993,1879
993,1794
993,1771
993,1724
993,1678
993,1405
993,1318
993,1305
993,1150
993,1080
993,1029
994,1565
994,1379
994,1052
995,1902
995,1736
995,1735
995,1712
995,1689
995,1608
995,1528
995,1511
995,1465
995,1422
995,1401
995,1293
995,1195
995,1092
995,1049
996,1701
997,1735
997,1626
997,1598
997,1584
997,1528
997,1513
997,1341
997,1269
997,1079
998,1230
998,1172
998,1126
999,1730
999,1565
999,1557
999,1390
999,1369
999,1278
1000,1258
1001,1778
1001,1744
1001,1606
1001,1565
1001,1444
1001,1344
1001,1313
1001,1255
1001,1107
1003,1898
1003,1864
1003,1805
1003,1666
1003,1535
1003,1451
1003,1361
1003,1329
1003,1182
1003,1117
1003,1080
1003,1017
1004,1839
1004,1614
1004,1613
1004,1483
1004,1258
1004,1243
1004,1086
1004,1006
1005,1453
1006,1836
1006,1660
1006,1439
1006,1195
1007,1848
1007,1764
1007,1229
1008,1603
1008,1571
1008,1377
1009,1366
1009,1315
1009,1231
1009,1192
1009,1190
1009,1166
1010,1847
1010,1350
1010,1306
1010,1260
1010,1093
1010,1012
1011,1725
1011,1673
1011,1565
1011,1415
1011,1318
1012,1602
1012,1543
1012,1171
1013,1901
1013,1687
1013,1425
1013,1070
1015,1824
1015,1706
1015,1661
1015,1415
1017,1818
1017,1485
1017,1393
1017,1272
1017,1107
1017,1084
1018,1873
1018,1704
1018,1350
1018,1190
1019,1473
1020,1699
1020,1647
1020,1638
1020,1215
1021,1783
1021,1649
1021,1554
1021,1315
1021,1199
1022,1877
1023,1697
1023,1074
1024,1807
1024,1540
1024,1230
1024,1117
1025,1763
1025,1420
1025,1265
1025,1209
1026,1900
1026,1724
1026,1653
1026,1608
1026,1198
1026,1110
1026,1083
1028,1769
1028,1605
1028,1570
1028,1524
1028,1191
1028,1153
1029,1885
1029,1612
1029,1588
1029,1539
1029,1250
1029,1230
1029,1036
1032,1807
1032,1787
1032,1734
1032,1673
1032,1551
1032,1535
1032,1334
1032,1311
1032,1298
1032,1180
1034,1150
1035,1453
1036,1850
1036,1423
1036,1267
1037,1840
1037,1333
1037,1311
1038,1201
1039,1823
1039,1678
1039,1612
1039,1288
1039,1173
1039,1124
1039,1079
1040,1791
1040,1761
1040,1678
1040,1562
1040,1173
1041,1444
1042,1596
1042,1188
1043,1377
1043,1182
1044,1356
1044,1261
1047,1772
1047,1750
1047,1707
1047,1662
1047,1637
1047,1542
1047,1488
1047,1367
1048,1771
1048,1736
1048,1665
1048,1390
1048,1274
1048,1059
1049,1911
1049,1842
1049,1826
1049,1702
1049,1663
1049,1656
1049,1626
1049,1570
1049,1467
1049,1409
1049,1321
1049,1298
1049,1181
1049,1164
1049,1098
1050,1098
1050,1061
1051,1785
1051,1619
1051,1415
1051,1389
1051,1195
1052,1733
1052,1723
1052,1622
1052,1600
1052,1415
1052,1257
1052,1190
1053,1699
1053,1311
1054,1843
1054,1818
1054,1785
1054,1730
1054,1399
1055,1839
1055,1717
1056,1757
1056,1750
1056,1698
1056,1687
1056,1458
1056,1361
1056,1358
1056,1305
1056,1164
1056,1059
1058,1242
1059,1791
1059,1604
1059,1556
1059,1361
1059,1350
1059,1219
1059,1153
1059,1124
1059,1106
1059,1092
1059,1074
1060,1674
1060,1550
1060,1509
1060,1358
1062,1607
1062,1512
1062,1366
1062,1153
1063,1791
1063,1789
1063,1369
1063,1293
1063,1242
1064,1067
1065,1204
1066,1703
1066,1367
1066,1152
1067,1818
1067,1694
1067,1502
1068,1796
1068,1773
1068,1583
1068,1551
1068,1545
1068,1292
1068,1230
1068,1214
1068,1079
1069,1863
1069,1793
1069,1752
1069,1734
1069,1714
1069,1663
1069,1617
1069,1551
1069,1524
1069,1255
1069,1163
1070,1791
1070,1591
1070,1166
1072,1686
1072,1338
1073,1753
1074,2642
1074,2458
1074,2351
1074,2332
1074,1941
1074,1795
1074,1679
1074,1669
1074,1603
1074,1556
1074,1532
1074,1517
1074,1369
1075,1811
1075,1763
1075,1757
1075,1604
1075,1517
1075,1516
1075,1484
1075,1449
1075,1402
1076,1779
1076,1556
1076,1517
1076,1336
1076,1263
1077,2588
1077,2344
1077,2285
1077,2187
1077,1697
1077,1588
1077,1552
1077,1420
1077,1321
1078,1465
1078,1220
1079,1898
1079,1809
1079,1675
1079,1595
1079,1544
1079,1435
1080,1694
1080,1622
1081,1862
1081,1661
1081,1479
1081,1475
1081,1438
1082,1872
1082,1487
1082,1281
1083,1863
1083,1795
1083,1572
1083,1393
1083,1340
1083,1335
1083,1247
1083,1222
1083,1155
1084,1810
1084,1761
1084,1523
1084,1341
1084,1305
1084,1290
1084,1255
1084,1153
1085,3795
1085,3697
1085,3655
1085,3560
1086,1881
1086,1873
1086,1821
1086,1724
1086,1481
1086,1459
1086,1316
1086,1107
1088,1307
1088,1195
1089,1226
1090,1529
1091,1849
1091,1832
1091,1724
1091,1407
1091,1184
1091,1182
1092,1734
1092,1651
1092,1516
1092,1196
1092,1175
1093,1515
1093,1385
1093,1215
1094,1234
1095,1790
1095,1732
1095,1536
1095,1191
1099,1694
1099,1578
1099,1541
1099,1504
1099,1322
1100,1309
1101,1810
1101,1675
1101,1674
1101,1539
1101,1530
1101,1377
1101,1149
1101,1146
1102,1778
1102,1487
1103,1204
1104,1807
1104,1454
1104,1108
1106,1873
1106,1611
1106,1520
1106,1502
1106,1415
1107,1909
1107,1858
1107,1750
1107,1637
1107,1608
1107,1531
1107,1517
1107,1280
1107,1155
1107,1135
1108,1862
1108,1857
1108,1798
1108,1508
1108,1459
1108,1298
1108,1167
1108,1147
1109,1760
1109,1231
1110,1879
1110,1740
1110,1738
1110,1736
1110,1689
1110,1643
1110,1626
1110,1590
1110,1554
1110,1551
1110,1488
1110,1427
1110,1411
1110,1340
1110,1179
1112,1877
1112,1753
1112,1422
1112,1237
1112,1205
1113,1654
1113,1563
1113,1422
1114,1844
1114,1725
1114,1427
1114,1250
1114,1199
1114,1160
1115,1279
1115,1129
1116,1877
1116,1746
1116,1597
1116,1519
1116,1398
1116,1290
1117,1750
1117,1723
1117,1491
1117,1375
1117,1184
1120,1608
1120,1429
1120,1229
1121,1738
1121,1529
1121,1451
1121,1166
1122,1807
1122,1563
1122,1426
1122,1377
1122,1172
1122,1135
1123,1768
1123,1636
1123,1522
1123,1447
1123,1230
1123,1222
1123,1191
1123,1180
1124,1844
1124,1779
1124,1714
1124,1712
1124,1564
1124,1212
1124,1150
1125,1643
1125,1597
1125,1376
1125,1222
1125,1196
1125,1182
1125,1152
1126,1905
1126,1417
1126,1389
1126,1220
1126,1130
1127,1541
1127,1247
1128,1909
1128,1769
1128,1700
1128,1556
1128,1519
1128,1504
1128,1265
1128,1198
1128,1173
1129,1903
1129,1824
1129,1729
1130,1821
1130,1818
1130,1765
1130,1669
1130,1659
1130,1622
1130,1594
1130,1491
1132,1861
1132,1796
1132,1741
1132,1658
1132,1470
1132,1463
1132,1334
1132,1327
1133,1771
1133,1522
1133,1195
1134,1221
1135,1877
1135,1827
1135,1791
1135,1722
1135,1659
1135,1491
1135,1340
1139,1428
1140,1642
1140,1564
1141,1482
1141,1275
1141,1189
1141,1170
1143,1742
1143,1547
1143,1458
1143,1320
1143,1192
1143,1180
1144,1806
1146,1731
1146,1639
1146,1518
1146,1389
1146,1359
1146,1351
1146,1289
1147,1523
1147,1261
1148,1873
1148,1857
1148,1764
1149,1813
1149,1771
1149,1655
1149,1553
1149,1365
1149,1214
1150,1384
1151,1675
1151,1663
1151,1622
1151,1437
1151,1330
1152,1746
1152,1578
1152,1249
1153,1864
1153,1679
1153,1639
1153,1576
1153,1530
1153,1420
1153,1359
1153,1180
1155,1189
1156,1662
1156,1637
1156,1600
1156,1572
1156,1547
1156,1393
1156,1302
1156,1192
1157,1858
1158,1873
1158,1709
1158,1396
1158,1311
1158,1303
1158,1281
1159,1793
1159,1576
1159,1543
1159,1427
1159,1334
1159,1303
1159,1223
1159,1189
1160,1882
1160,1864
1160,1712
1160,1553
1160,1398
1160,1374
1160,1367
1161,1737
1162,1639
1163,1768
1163,1626
1163,1402
1164,1839
1164,1796
1164,1626
1164,1597
1164,1563
1164,1390
1165,1847
1165,1813
1165,1410
1165,1377
1166,1818
1166,1183
1167,1531
1167,1221
1169,1681
1169,1545
1169,1275
1169,1236
1170,1885
1170,1787
1171,2976
1171,1689
1171,1614
1171,1580
1171,1571
1171,1250
1172,1572
1172,1557
1172,1536
1172,1460
1173,1905
1173,1832
1173,1692
1173,1523
1173,1516
1173,1488
1173,1456
1173,1437
1174,1579
1175,1678
1175,1609
1175,1553
1175,1527
1175,1516
1175,1506
1175,1437
1178,1806
1178,1615
1178,1477
1179,1420
1179,1408
1179,1305
1180,1707
1181,1881
1181,1789
1181,1771
1181,1692
1181,1608
1181,1388
1182,2336
1182,1774
1182,1699
1182,1491
1183,1683
1183,1583
1183,1348
1183,1299
1184,1846
1184,1692
1184,1497
1184,1467
1184,1305
1184,1258
1185,1907
1185,1901
1185,1774
1185,1758
1185,1398
1186,1493
1187,1714
1187,1564
1187,1561
1187,1199
1188,1885
1188,1709
1188,1217
1189,1807
1189,1516
1190,1875
1190,1828
1190,1595
1190,1332
1191,1849
1191,1689
1191,1473
1191,1465
1191,1419
1191,1337
1192,1899
1192,1530
1192,1507
1192,1492
1192,1463
1192,1281
1195,1853
1195,1804
1195,1735
1195,1501
1195,1491
1195,1470
1195,1361
1195,1351
1195,1262
1195,1242
1196,1547
1196,1480
1196,1458
1196,1399
1196,1344
1198,1891
1198,1868
1198,1836
1198,1809
1198,1669
1198,1621
1198,1427
1198,1409
1198,1389
1198,1331
1199,1858
1199,1783
1199,1780
1199,1531
1200,1677
1201,1685
1201,1637
1201,1632
1201,1620
1201,1420
1201,1367
1204,1881
1204,1725
1204,1694
1204,1533
1204,1490
1204,1316
1205,1881
1205,1867
1205,1863
1205,1774
1205,1765
1205,1721
1205,1662
1205,1612
1205,1420
1205,1285
1205,1219
1207,1651
1207,1467
1207,1420
1207,1330
1209,1864
1209,1863
1209,1849
1209,1836
1209,1823
1209,1723
1209,1608
1209,1547
1209,1388
1209,1380
1210,1897
1210,1679
1211,1797
1211,1774
1211,1754
1211,1497
1211,1321
1212,1290
1212,1217
1213,1472
1214,1584
1214,1554
1214,1488
1214,1431
1214,1331
1214,1262
1215,1720
1215,1650
1215,1508
1215,1444
1215,1406
1215,1322
1215,1309
1215,1245
1217,1842
1217,1772
1217,1721
1217,1554
1217,1356
1217,1243
1219,1886
1219,1669
1219,1618
1219,1290
1219,1255
1220,1789
1220,1750
1220,1380
1220,1323
1221,1871
1221,1636
1222,1818
1222,1653
1222,1637
1222,1619
1222,1561
1222,1516
1223,1893
1223,1763
1223,1753
1223,1491
1223,1338
1223,1333
1225,1742
1226,1740
1226,1525
1228,1763
1228,1740
1228,1597
1228,1482
1228,1329
1229,1661
1229,1448
1229,1382
1230,1711
1230,1653
1230,1570
1231,1767
1231,1454
1231,1429
1234,1569
1235,1848
1235,1592
1235,1369
1236,1496
1237,1809
1237,1757
1237,1712
1237,1590
1238,1863
1238,1617
1238,1512
1238,1484
1238,1339
1239,1547
1239,1447
1241,1529
1241,1299
1241,1281
1242,1885
1242,1753
1242,1735
1242,1604
1242,1594
1242,1366
1242,1305
1242,1271
1243,1819
1243,1572
1244,1308
1245,1699
1245,1612
1245,1580
1245,1475
1246,1727
1246,1625
1246,1454
1246,1334
1246,1261
1247,1681
1247,1669
1247,1382
1247,1323
1249,1743
1249,1738
1249,1536
1250,1818
1250,1675
1250,1665
1250,1621
1250,1616
1250,1470
1250,1377
1253,1858
1255,1842
1255,1685
1255,1598
1255,1491
1255,1290
1255,1289
1256,1612
1256,1539
1256,1538
1256,1467
1256,1465
1257,1807
1257,1715
1257,1515
1257,1438
1257,1349
1258,1699
1258,1408
1258,1289
1259,1876
1261,1794
1261,1767
1261,1692
1261,1502
1262,1637
1262,1405
1263,1877
1263,1619
1263,1447
1265,1827
1265,1819
1265,1367
1267,1829
1267,1652
1267,1605
1267,1569
1267,1556
1267,1532
1267,1458
1267,1305
1269,1898
1269,1461
1271,1885
1271,1813
1271,1724
1271,1609
1271,1566
1271,1554
1271,1528
1271,1420
1271,1375
1271,1339
1272,1911
1272,1868
1272,1670
1272,1643
1272,1540
1272,1331
1272,1330
1272,1320
1273,1857
1273,1715
1274,1849
1274,1714
1274,1620
1275,1812
1275,1767
1276,1361
1277,1778
1277,1545
1277,1495
1277,1338
1278,1902
1278,1839
1278,1614
1278,1517
1278,1305
1280,1846
1280,1538
1280,1523
1280,1487
1280,1463
1280,1420
1280,1288
1281,1578
1281,1425
1281,1397
1282,1695
1282,1694
1282,1318
1283,1849
1283,1730
1283,1723
1283,1639
1283,1618
1283,1563
1283,1391
1285,1821
1285,1816
1285,1723
1285,1689
1286,1786
1287,1851
1288,1902
1288,1861
1288,1835
1288,1823
1288,1761
1288,1377
1288,1343
1289,2111
1289,1843
1289,1807
1289,1685
1289,1600
1289,1570
1289,1516
1289,1380
1290,1484
1291,1907
1291,1884
1291,1699
1291,1644
1291,1626
1291,1600
1291,1429
1291,1365
1291,1321
1292,1907
1292,1667
1292,1432
1293,1877
1293,1470
1293,1361
1294,1767
1294,1712
1294,1616
1296,1634
1296,1481
1300,1332
1302,1782
1302,1702
1302,1643
1302,1532
1302,1523
1302,1339
1303,1728
1303,1691
1303,1683
1304,1472
1304,1455
1305,1879
1305,1792
1305,1752
1305,1639
1305,1585
1305,1445
1305,1365
1305,1344
1305,1329
1306,1897
1306,1436
1306,1382
1308,1725
1308,1418
1308,1338
1309,1709
1309,1706
1309,1677
1310,1525
1310,1492
1310,1327
1311,1343
1312,1863
1312,1860
1312,1816
1312,1813
1312,1741
1312,1702
1313,1876
1313,1545
1313,1475
1313,1444
1314,1894
1315,1742
1315,1432
1316,1857
1316,1850
1316,1575
1317,1806
1317,1554
1318,1765
1318,1692
1318,1416
1318,1406
1319,1802
1320,1897
1320,1725
1320,1559
1321,1849
1321,1598
1321,1577
1321,1465
1322,1647
1323,1723
1323,1702
1323,1668
1323,1659
1323,1431
1324,1877
1325,1553
1327,2283
1327,1788
1327,1668
1327,1476
1328,1534
1329,1909
1329,1811
1329,1782
1329,1674
1329,1604
1329,1437
1329,1336
1330,1712
1330,1557
1330,1530
1330,1527
1330,1516
1330,1437
1331,1886
1331,1765
1331,1621
1331,1590
1331,1565
1331,1491
1331,1405
1333,1720
1334,1911
1334,1872
1334,1791
1334,1692
1334,1639
1334,1565
1334,1517
1334,1404
1334,1357
1335,1911
1335,1809
1335,1423
1336,1796
1336,1791
1336,1730
1336,1639
1336,1559
1336,1542
1336,1517
1336,1484
1336,1388
1336,1341
1337,1905
1337,1845
1337,1753
1337,1689
1337,1563
1338,1606
1338,1479
1339,1898
1339,1809
1339,1793
1339,1692
1339,1669
1339,1447
1339,1420
1339,1370
1340,1534
1340,1352
1341,1911
1341,1909
1341,1809
1341,1791
1341,1656
1341,1652
1341,1556
1341,1442
1343,1819
1343,1777
1343,1725
1343,1591
1343,1532
1344,1811
1344,1793
1344,1618
1344,1531
1345,1721
1345,1487
1345,1417
1345,1391
1347,1429
1350,1622
1351,1795
1351,1714
1351,1584
1351,1552
1351,1401
1352,1771
1352,1651
1352,1385
1355,1885
1355,1869
1356,1740
1356,1660
1356,1512
1357,1514
1358,1829
1359,1911
1359,1618
1359,1435
1359,1407
1360,1819
1361,1881
1361,1789
1361,1782
1361,1765
1361,1639
1361,1620
1364,1907
1364,1523
1365,1827
1365,1726
1365,1712
1365,1685
1365,1563
1365,1554
1365,1551
1365,1524
1366,1885
1366,1840
1366,1662
1367,1864
1367,1861
1367,1795
1367,1606
1369,1849
1369,1842
1369,1833
1369,1659
1369,1537
1369,1517
1370,1811
1370,1774
1370,1768
1370,1753
1370,1625
1370,1501
1371,1824
1371,1502
1371,1480
1371,1429
1372,1692
1372,1545
1373,1862
1373,1818
1373,1565
1374,1888
1374,1514
1374,1454
1374,1408
1375,1668
1375,1655
1375,1543
1375,1518
1375,1435
1375,1422
1376,1886
1376,1883
1376,1821
1376,1605
1376,1401
1377,1402
1380,1833
1380,1501
1380,1416
1381,1682
1381,1495
1381,1404
1382,1907
1382,1716
1382,1459
1384,1835
1385,1652
1388,1879
1388,1734
1388,1669
1388,1563
1389,1883
1389,1799
1389,1735
1389,1639
1389,1556
1389,1417
1390,1626
1390,1542
1390,1512
1391,1757
1391,1659
1391,1644
1391,1463
1391,1401
1393,1863
1393,1839
1393,1809
1393,1804
1393,1799
1393,1789
1395,1846
1396,1881
1398,1900
1398,1752
1398,1440
1398,1431
1398,1419
1399,1782
1399,1774
1399,1688
1399,1658
1399,1594
1399,1536
1399,1520
1399,1436
1400,1490
1400,1464
1401,1771
1402,1804
1402,1530
1402,1416
1404,1728
1404,1590
1404,1508
1405,3082
1405,3038
1405,3009
1405,2934
1405,2860
1405,2682
1405,2668
1405,1761
1405,1584
1405,1480
1406,1850
1406,1596
1406,1595
1407,1741
1407,1599
1407,1580
1407,1547
1407,1540
1407,1538
1408,1625
1408,1559
1408,1529
1409,1851
1409,1836
1409,1826
1409,1771
1409,1750
1409,1735
1409,1516
1411,1877
1412,1833
1412,1667
1412,1432
1412,1413
1413,1824
1413,1487
1414,1596
1415,1869
1416,1902
1416,1836
1416,1816
1416,1813
1416,1740
1416,1712
1416,1580
1416,1517
1417,1639
1417,1628
1417,1573
1417,1570
1417,1448
1418,1810
1418,1723
1418,1675
1418,1672
1419,3292
1419,1787
1420,1871
1420,1863
1420,1598
1420,1595
1420,1556
1420,1449
1420,1439
1422,1598
1424,1799
1425,1696
1427,1819
1427,1637
1428,1770
1428,1453
1429,1785
1429,1695
1429,1638
1429,1574
1429,1573
1429,1479
1431,1653
1431,1646
1431,1532
1431,1484
1431,1453
1432,1764
1434,1563
1435,1882
1435,1835
1435,1781
1435,1752
1435,1613
1435,1603
1435,1591
1436,1897
1436,1896
1436,1849
1436,1807
1436,1682
1436,1675
1436,1624
1436,1587
1436,1536
1436,1490
1437,1801
1437,1613
1437,1572
1437,1571
1437,1535
1438,1862
1438,1706
1438,1578
1439,1878
1439,1658
1439,1572
1440,1836
1440,1799
1440,1644
1440,1501
1441,1741
1442,1836
1442,1491
1443,1807
1444,1789
1444,1658
1444,1551
1444,1515
1446,1801
1447,1877
1447,1845
1447,1797
1447,1636
1447,1513
1448,1536
1449,1827
1449,1754
1449,1699
1449,1532
1450,3164
1450,3100
1450,2823
1451,1573
1451,1516
1452,1467
1453,1871
1453,1467
1455,1807
1456,1909
1456,1501
1457,1835
1457,1761
1457,1753
1457,1683
1457,1597
1457,1563
1458,1816
1458,1736
1458,1535
1458,1527
1458,1517
1458,1485
1459,1812
1459,1704
1460,1833
1460,1809
1460,1734
1461,1470
1462,1906
1462,1529
1462,1473
1463,1594
1463,1539
1464,1763
1465,2619
1465,2566
1465,2518
1465,2467
1465,2356
1465,2305
1465,2184
1465,2010
1465,1689
1465,1669
1465,1653
1467,1813
1467,1810
1467,1793
1467,1717
1467,1689
1467,1632
1467,1600
1467,1487
1469,1833
1469,1510
1469,1495
1470,1902
1470,1846
1470,1839
1470,1816
1470,1685
1470,1554
1470,1545
1470,1522
1470,1485
1471,1811
1471,1632
1471,1562
1472,1899
1472,1742
1472,1533
1473,1850
1473,1848
1473,1668
1473,1661
1473,1516
1475,1853
1477,1527
1480,1860
1480,1751
1480,1617
1480,1567
1480,1557
1481,1866
1481,1848
1481,1751
1481,1587
1481,1525
1481,1504
1482,1783
1482,1553
1483,1883
1483,1845
1483,1727
1483,1709
1483,1675
1483,1600
1483,1565
1483,1524
1483,1488
1484,1911
1484,1909
1484,1771
1484,1678
1484,1563
1485,1843
1485,1811
1485,1757
1485,1700
1485,1683
1487,1773
1487,1662
1487,1637
1487,1600
1488,1907
1488,1730
1488,1653
1488,1577
1491,1868
1491,1844
1491,1556
1492,1809
1492,1730
1493,1533
1496,1785
1496,1672
1496,1553
1497,1727
1497,1723
1497,1563
1497,1535
1497,1531
1497,1529
1497,1517
1499,1626
1500,1807
1501,1864
1501,1730
1501,1617
1502,1857
1502,1790
1504,1866
1504,1828
1505,3374
1505,3343
1505,3201
1505,2708
1505,1863
1505,1784
1505,1577
1507,1910
1507,1893
1508,1812
1509,1911
1509,1897
1509,1881
1509,1879
1509,1826
1509,1793
1509,1753
1509,1688
1509,1658
1509,1656
1509,1599
1509,1571
1511,1519
1512,1871
1512,1800
1512,1706
1512,1605
1512,1599
1512,1545
1512,1529
1513,1879
1513,1702
1513,1557
1513,1539
1514,1871
1514,1778
1514,1695
1515,1658
1516,1911
1516,1842
1516,1818
1517,1907
1517,1816
1517,1765
1517,1614
1517,1554
1518,1806
1519,1782
1519,1597
1519,1544
1520,1868
1520,1845
1520,1679
1520,1653
1520,1652
1520,1618
1521,1718
1522,1665
1522,1651
1523,1879
1523,1782
1523,1658
1523,1561
1524,1863
1525,1725
1526,1881
1526,1828
1526,1783
1526,1750
1526,1606
1527,1669
1528,1711
1528,1674
1528,1604
1529,1672
1529,1610
1529,1559
1530,1863
1530,1782
1530,1779
1530,1683
1530,1551
1531,1750
1531,1580
1531,1564
1532,1832
1532,1735
1532,1679
1532,1652
1532,1646
1532,1598
1533,1835
1534,3279
1534,3214
1534,2858
1534,2796
1534,1741
1534,1641
1535,1735
1535,1580
1536,1888
1536,1884
1536,1785
1536,1773
1537,1843
1538,1879
1538,1782
1538,1772
1538,1736
1538,1639
1539,1723
1539,1660
1539,1659
1539,1618
1540,1888
1540,1741
1540,1571
1540,1541
1541,1698
1542,1863
1542,1843
1542,1612
1543,1885
1544,1868
1544,1796
1544,1753
1545,1763
1545,1620
1547,1881
1547,1653
1550,1729
1550,1716
1551,1805
1551,1659
1553,1898
1553,1719
1553,1714
1553,1685
1553,1614
1553,1613
1554,1868
1554,1853
1554,1724
1556,1827
1556,1821
1556,1707
1556,1584
1557,1881
1557,1832
1557,1731
1557,1714
1557,1580
1559,1623
1561,1851
1561,1689
1562,1900
1562,1600
1562,1590
1563,1723
1563,1722
1563,1714
1564,1689
1564,1567
1565,1600
1566,1891
1566,1637
1569,1667
1569,1628
1570,1800
1570,1796
1570,1757
1571,1805
1571,1736
1571,1710
1571,1688
1571,1617
1573,1872
1573,1794
1573,1728
1573,1612
1574,1876
1575,1729
1575,1602
1576,1591
1577,2390
1577,2376
1577,2330
1577,2099
1577,2073
1577,2043
1577,1965
1577,1909
1577,1721
1578,1877
1578,1608
1580,1891
1580,1844
1580,1643
1583,1763
1583,1667
1584,1863
1584,1737
1589,1653
1589,1652
1590,1885
1590,1823
1590,1683
1591,1681
1592,1884
1592,1871
1592,1857
1592,1767
1592,1720
1593,1698
1594,1908
1594,1877
1594,1868
1594,1685
1595,1879
1595,1843
1595,1686
1596,1667
1597,1881
1597,1844
1597,1843
1597,1706
1597,1626
1597,1598
1598,1614
1599,1897
1599,1799
1600,1902
1603,1782
1603,1726
1603,1689
1603,1653
1604,1738
1604,1721
1604,1643
1605,1879
1605,1782
1605,1765
1605,1620
1605,1608
1606,1800
1606,1793
1606,1621
1608,1849
1608,1836
1608,1786
1608,1757
1609,1796
1609,1789
1609,1772
1609,1660
1610,1810
1610,1807
1610,1758
1610,1715
1610,1620
1610,1614
1611,1884
1611,1692
1612,1697
1614,1842
1615,1656
1617,2629
1617,1907
1617,1814
1617,1683
1617,1674
1618,2199
1618,1710
1618,1697
1619,1864
1619,1758
1619,1673
1619,1670
1620,1839
1620,1712
1621,1853
1621,1796
1623,1842
1623,1765
1623,1639
1624,1870
1624,1739
1625,1887
1625,1742
1630,1906
1630,1646
1631,1744
1631,1740
1632,1909
1632,1811
1636,1824
1637,1886
1637,1772
1637,1753
1637,1736
1637,1734
1638,1725
1639,1911
1639,1831
1641,1867
1642,3256
1642,3168
1642,3060
1642,1666
1643,1842
1643,1710
1644,1886
1644,1864
1644,1707
1644,1685
1645,1716
1645,1673
1646,1800
1646,1688
1646,1660
1647,1873
1647,1680
1649,1773
1649,1745
1649,1716
1651,1800
1652,1891
1652,1769
1653,1858
1653,1761
1653,1702
1653,1663
1654,1893
1656,3331
1656,3258
1656,3118
1656,1886
1656,1877
1658,1862
1658,1799
1659,1833
1659,1811
1660,1881
1660,1835
1661,1790
1661,1745
1661,1681
1662,1832
1662,1782
1662,1726
1665,1909
1665,1768
1666,3204
1667,1790
1668,1874
1668,1772
1669,1737
1670,1768
1671,1879
1672,1831
1673,1842
1673,1677
1674,1898
1674,1819
1674,1730
1679,1766
1679,1695
1680,1899
1683,1853
1685,1864
1685,1851
1685,1827
1685,1780
1685,1752
1688,1782
1689,1874
1691,1706
1692,1744
1694,1744
1697,1858
1702,2087
1702,1888
1702,1821
1702,1772
1702,1769
1703,1746
1704,1893
1706,1899
1707,1851
1707,1846
1709,1812
1710,1888
1712,1864
1712,1851
1714,1819
1714,1818
1715,1823
1716,1876
1717,1843
1718,2646
1718,2530
1718,2478
1718,2423
1718,2367
1718,2304
1718,2115
1718,2005
1718,1985
1718,1963
1718,1946
1718,1943
1718,1823
1718,1721
1721,1754
1723,1902
1723,1881
1724,1736
1724,1735
1725,1904
1725,1809
1726,3032
1727,1785
1729,1903
1730,1846
1730,1818
1730,1735
1731,1831
1732,1862
1732,1764
1734,1898
1734,1879
1734,1794
1734,1754
1736,1821
1737,1901
1737,1861
1739,1881
1741,1799
1745,1861
1745,1771
1746,1807
1750,1864
1750,1826
1750,1804
1751,1903
1752,1826
1752,1793
1753,1881
1753,1868
1753,1852
1754,1811
1757,1845
1757,1774
1758,1883
1761,1877
1763,1881
1763,1767
1764,1899
1765,1832
1766,1790
1770,1903
1770,1848
1770,1815
1772,1909
1772,1811
1775,1861
1778,1876
1779,1868
1780,1886
1780,1846
1780,1827
1782,1858
1782,1791
1783,1841
1785,1873
1786,1790
1790,1857
1791,1816
1793,1883
1795,1842
1797,1845
1797,1805
1804,1810
1805,1809
1807,1845
1807,1833
1809,1911
1809,1851
1809,1845
1809,1811
1811,1833
1813,1883
1815,1818
1816,1842
1817,1852
1818,1888
1819,1874
1821,1845
1826,1902
1826,1836
1827,1860
1832,1885
1833,1844
1836,1879
1836,1868
1848,1899
1850,1872
1851,1891
1862,1873
1867,1898
1868,1886
1873,1876
1877,1901
1879,1909
1883,1905
1887,1893
1903,1904
1911,2283
1913,2655
1914,1950
1916,2508
1916,2496
1916,2438
1916,2275
1916,2223
1916,2137
1916,2135
1916,2096
1916,2048
1916,2011
1916,2004
1917,2489
1917,2213
1917,2058
1918,2567
1918,2499
1918,2293
1918,2247
1918,2161
1918,2138
1918,2081
1919,2582
1919,2226
1919,2127
1919,2102
1920,2485
1920,2317
1920,2096
1920,1975
1921,2336
1923,2555
1923,2533
1923,2508
1923,2403
1923,2395
1923,2261
1923,2072
1924,2513
1924,2054
1924,1985
1925,2419
1925,2038
1925,1955
1926,2611
1926,2607
1926,2584
1926,2581
1926,2356
1926,2310
1926,2229
1926,2084
1926,2063
1926,2057
1926,1971
1926,1940
1927,2491
1928,2189
1928,2053
1928,1957
1929,2643
1929,2508
1929,2506
1929,2451
1929,2336
1929,2276
1929,2247
1929,2223
1929,2213
1929,2147
1930,2598
1930,2239
1930,2091
1930,1990
1931,2537
1931,2128
1931,1958
1932,2573
1932,2502
1932,2417
1932,2327
1932,2157
1932,2056
1933,2659
1933,2117
1934,2238
1934,2211
1934,2036
1935,2289
1935,2246
1936,2577
1938,2282
1938,2199
1938,2117
1938,2086
1938,2057
1939,2592
1939,2336
1939,2330
1939,2153
1939,2006
1939,1944
1940,2620
1940,2600
1940,2592
1940,2544
1940,2530
1940,2379
1940,2137
1940,2101
1940,2062
1941,2574
1941,2558
1941,2546
1941,2502
1941,2500
1941,2498
1941,2473
1941,2467
1941,2404
1941,2161
1941,2118
1941,2084
1941,2075
1941,2073
1941,2009
1942,2575
1942,2409
1942,2124
1943,2613
1943,2465
1943,2261
1943,2247
1943,2163
1943,2143
1943,2071
1943,2044
1944,2496
1944,2432
1944,2236
1944,2118
1944,2002
1944,1978
1945,2631
1945,2612
1945,2599
1945,2460
1945,2449
1945,2233
1945,2209
1945,2124
1945,2067
1946,2533
1946,2429
1946,2143
1946,2039
1947,2609
1947,2520
1947,2480
1947,2395
1947,2374
1947,2325
1947,2297
1947,2289
1947,2135
1947,2074
1947,1985
1948,2635
1948,2578
1948,2553
1948,2544
1948,2514
1948,2430
1948,2419
1948,2408
1948,2249
1948,2239
1948,2161
1948,2084
1948,2046
1948,2030
1948,2009
1948,1981
1948,1961
1949,2120
1951,2629
1951,2616
1951,2365
1952,2567
1952,2510
1952,2149
1952,2114
1953,2591
1953,2484
1953,2442
1953,2307
1953,2288
1953,2169
1953,1986
1954,2657
1954,2597
1954,2542
1954,2526
1954,2399
1954,2291
1954,2267
1954,2157
1954,2018
1954,1993
1954,1981
1954,1976
1955,2654
1955,2568
1955,2553
1955,2543
1955,2473
1955,2366
1955,2310
1955,2285
1955,2256
1955,2209
1955,2131
1955,2031
1957,2538
1958,2025
1959,2573
1959,2557
1959,2524
1959,2381
1959,2363
1959,2332
1959,2258
1959,2248
1959,1963
1960,2503
1960,2424
1960,2316
1961,2169
1962,2572
1962,2302
1963,2550
1963,2391
1963,2352
1963,2055
1963,2045
1964,2468
1964,2355
1964,2347
1964,2272
1964,2187
1964,2110
1964,2040
1964,2005
1965,2291
1965,2278
1965,2010
1965,1970
1966,2532
1966,2458
1966,2300
1966,2288
1966,2122
1968,2610
1968,2346
1969,2203
1969,2174
1969,2026
1970,2643
1970,2524
1970,2486
1970,2475
1970,2451
1970,2395
1970,2374
1970,2144
1970,2084
1971,2631
1971,2518
1971,2293
1971,2149
1972,2042
1973,2560
1973,2445
1973,2328
1973,2292
1974,2384
1974,2219
1975,2510
1975,2232
1976,2510
1976,2336
1976,2143
1976,2075
1978,2371
1978,2232
1979,2555
1979,2417
1979,2196
1979,2183
1979,2103
1979,2101
1979,2032
1980,2405
1981,2611
1981,2560
1981,2497
1981,2472
1981,2419
1981,2142
1981,2134
1981,2032
1982,2584
1982,2372
1982,2237
1982,2150
1983,2486
1983,2258
1984,2582
1984,2390
1984,2285
1984,2077
1985,2465
1985,2394
1985,2311
1985,2282
1985,2101
1985,2054
1985,2032
1986,2613
1986,2561
1986,2478
1986,2430
1986,2279
1986,2223
1986,2189
1986,2054
1987,2605
1987,2205
1987,2028
1988,2134
1989,2654
1989,2638
1989,2482
1989,2426
1989,2332
1989,2306
1989,2279
1989,2226
1989,2172
1989,2108
1989,2086
1989,2063
1990,2251
1993,2474
1993,2303
1993,2279
1993,2234
1993,2216
1993,2180
1993,2125
1994,2638
1994,2617
1994,2526
1994,2524
1994,2462
1994,2458
1994,2410
1994,2353
1994,2300
1994,2242
1994,2231
1994,2098
1994,2061
1997,2393
1997,2279
1997,2212
1997,2125
1997,2098
1997,2040
1999,2508
1999,2157
2001,2368
2001,2087
2002,2604
2002,2601
2002,2561
2002,2491
2002,2389
2002,2328
2002,2230
2002,2229
2002,2185
2002,2176
2002,2157
2002,2103
2002,2098
2002,2059
2002,2048
2002,2003
2003,2264
2003,2257
2003,2254
2004,2550
2004,2389
2004,2384
2004,2346
2004,2285
2004,2267
2004,2241
2004,2194
2004,2144
2005,2609
2005,2552
2005,2519
2005,2465
2005,2458
2005,2445
2005,2058
2005,2044
2005,2028
2006,2417
2006,2126
2007,2625
2007,2611
2007,2586
2007,2584
2007,2553
2007,2532
2007,2220
2007,2179
2008,2248
2008,2173
2008,2107
2009,2631
2009,2592
2009,2332
2009,2294
2009,2233
2009,2053
2010,2599
2010,2533
2010,2530
2010,2381
2010,2261
2010,2162
2010,2148
2010,2127
2010,2049
2011,2598
2012,2616
2012,2268
2013,2365
2013,2128
2014,2143
2015,2373
2016,2659
2018,2592
2018,2458
2018,2292
2019,2512
2019,2359
2019,2095
2019,2087
2020,2588
2020,2372
2020,2295
2020,2258
2020,2028
2021,2602
2021,2442
2021,2423
2021,2299
2021,2278
2021,2136
2021,2078
2021,2059
2021,2047
2022,2636
2022,2246
2023,2525
2023,2411
2023,2246
2023,2148
2024,2096
2025,2143
2026,2631
2026,2625
2026,2581
2026,2536
2026,2532
2026,2509
2026,2469
2026,2462
2026,2334
2026,2324
2026,2266
2026,2108
2026,2065
2027,2192
2027,2117
2027,2050
2028,2659
2028,2612
2028,2591
2028,2496
2028,2416
2028,2310
2028,2246
2028,2065
2029,2288
2029,2166
2029,2127
2030,2512
2030,2491
2030,2394
2030,2311
2030,2293
2030,2259
2030,2148
2031,2653
2031,2592
2031,2547
2031,2438
2031,2336
2031,2180
2032,2624
2032,2601
2032,2474
2032,2452
2032,2324
2032,2214
2032,2210
2032,2107
2032,2049
2033,2597
2033,2508
2033,2350
2033,2334
2033,2144
2033,2137
2033,2125
2033,2087
2036,2514
2036,2199
2036,2198
2036,2087
2037,2451
2037,2363
2037,2336
2037,2331
2037,2237
2037,2196
2038,2315
2038,2142
2038,2069
2039,2590
2039,2538
2039,2533
2039,2519
2039,2474
2039,2436
2039,2331
2039,2211
2039,2125
2040,2624
2040,2511
2040,2462
2040,2353
2040,2279
2040,2138
2042,2348
2042,2325
2042,2318
2042,2305
2042,2304
2043,2576
2043,2552
2043,2462
2043,2458
2043,2443
2043,2207
2043,2169
2043,2128
2044,2637
2044,2554
2044,2549
2044,2508
2044,2491
2044,2460
2044,2326
2044,2307
2045,2554
2045,2429
2045,2292
2045,2137
2046,2575
2046,2554
2046,2524
2046,2425
2046,2370
2046,2290
2046,2122
2046,2058
2047,2624
2047,2617
2047,2532
2047,2514
2047,2506
2047,2496
2047,2394
2047,2357
2047,2287
2047,2257
2047,2122
2047,2095
2048,2531
2048,2393
2049,2425
2049,2296
2049,2100
2049,2091
2050,2659
2050,2346
2052,2658
2052,2538
2052,2529
2052,2323
2052,2189
2053,2534
2053,2504
2053,2175
2053,2148
2054,2627
2054,2530
2054,2529
2054,2489
2054,2471
2054,2414
2054,2389
2054,2380
2054,2310
2054,2285
2054,2239
2054,2233
2055,2638
2055,2552
2055,2520
2055,2429
2055,2368
2055,2118
2056,2446
2056,2343
2056,2112
2057,2537
2057,2398
2057,2361
2057,2323
2057,2296
2057,2128
2057,2124
2058,2501
2058,2213
2058,2140
2059,2622
2059,2536
2059,2472
2059,2367
2059,2328
2060,2598
2060,2578
2060,2414
2060,2410
2060,2409
2060,2387
2060,2196
2061,2582
2061,2510
2062,2608
2062,2567
2062,2418
2062,2363
2062,2339
2062,2295
2062,2244
2063,2616
2063,2575
2063,2542
2063,2506
2063,2438
2063,2433
2063,2353
2063,2302
2063,2092
2064,2617
2064,2478
2064,2299
2065,2631
2065,2561
2065,2496
2065,2475
2065,2417
2065,2237
2065,2209
2065,2188
2065,2117
2066,2480
2066,2345
2066,2232
2066,2231
2066,2222
2066,2169
2067,2630
2067,2598
2067,2392
2067,2323
2067,2311
2067,2290
2067,2142
2067,2140
2068,2556
2068,2376
2068,2239
2068,2163
2068,2078
2069,2649
2069,2603
2069,2554
2069,2545
2069,2216
2069,2176
2071,2631
2071,2605
2071,2601
2071,2594
2071,2474
2071,2459
2071,2423
2071,2391
2071,2210
2071,2139
2072,2370
2072,2332
2072,2196
2072,2185
2072,2165
2072,2136
2073,2606
2073,2512
2073,2304
2073,2223
2074,2643
2074,2606
2074,2589
2075,2629
2075,2616
2075,2496
2075,2332
2075,2215
2075,2198
2075,2116
2077,2655
2077,2468
2077,2404
2077,2368
2077,2351
2077,2294
2077,2287
2077,2279
2077,2187
2077,2165
2077,2092
2078,2302
2078,2110
2080,2388
2080,2214
2080,2211
2081,2618
2081,2612
2081,2600
2081,2576
2081,2566
2081,2366
2081,2326
2081,2291
2081,2115
2081,2085
2082,2598
2082,2286
2082,2130
2083,2451
2083,2239
2083,2111
2084,2642
2084,2604
2084,2545
2084,2475
2084,2350
2084,2311
2084,2244
2084,2093
2085,2649
2085,2514
2085,2292
2085,2287
2085,2223
2085,2101
2086,2567
2086,2563
2086,2506
2086,2460
2086,2417
2086,2399
2086,2307
2086,2239
2087,2637
2087,2550
2087,2291
2087,2271
2087,2236
2087,2209
2088,2545
2088,2285
2088,2210
2088,2189
2088,2187
2088,2180
2089,2547
2089,2544
2089,2342
2089,2217
2089,2091
2090,2563
2090,2533
2090,2173
2091,2517
2091,2133
2092,2536
2092,2527
2092,2275
2092,2239
2092,2150
2092,2109
2093,2532
2093,2427
2093,2305
2093,2283
2093,2247
2093,2210
2093,2208
2095,2476
2095,2392
2095,2278
2095,2137
2095,2124
2096,2511
2096,2363
2096,2332
2098,2496
2098,2372
2098,2200
2099,2451
2099,2438
2099,2385
2099,2336
2099,2203
2101,2643
2101,2630
2101,2566
2101,2404
2101,2312
2101,2196
2102,2601
2102,2526
2102,2438
2102,2398
2102,2381
2102,2364
2102,2237
2103,2345
2103,2289
2104,2454
2104,2404
2104,2394
2104,2258
2104,2242
2105,2361
2107,2637
2107,2425
2107,2332
2107,2259
2107,2251
2107,2162
2108,2327
2108,2283
2108,2257
2108,2165
2109,2606
2109,2567
2109,2544
2109,2467
2109,2407
2109,2282
2109,2200
2109,2179
2109,2137
2109,2133
2110,2530
2110,2336
2110,2326
2110,2242
2110,2128
2111,2544
2111,2316
2111,2239
2111,2200
2112,2574
2112,2547
2112,2533
2112,2532
2112,2299
2112,2262
2112,2187
2112,2164
2114,2397
2115,2546
2115,2443
2115,2381
2115,2374
2115,2353
2116,2607
2116,2553
2116,2475
2116,2369
2116,2333
2116,2223
2116,2176
2117,2603
2117,2599
2117,2585
2117,2579
2117,2410
2117,2380
2118,2508
2118,2502
2118,2438
2118,2180
2119,2367
2119,2161
2120,2570
2120,2431
2120,2402
2120,2373
2120,2204
2120,2162
2121,2579
2121,2484
2121,2400
2121,2394
2121,2348
2121,2319
2121,2128
2122,2643
2122,2533
2122,2306
2122,2137
2123,2619
2123,2445
2123,2186
2123,2164
2123,2151
2124,2617
2124,2485
2124,2392
2124,2164
2124,2151
2125,2549
2125,2544
2125,2462
2125,2425
2125,2369
2125,2145
2126,2653
2126,2543
2126,2402
2126,2398
2126,2372
2126,2333
2126,2322
2126,2230
2127,2639
2127,2522
2127,2438
2127,2417
2127,2366
2127,2344
2127,2325
2127,2282
2127,2267
2127,2249
2127,2239
2127,2161
2128,2649
2128,2601
2128,2477
2128,2459
2128,2365
2128,2361
2128,2284
2128,2224
2128,2188
2130,2322
2130,2230
2131,2603
2131,2597
2131,2294
2132,2567
2132,2507
2132,2389
2132,2347
2132,2345
2132,2257
2132,2176
2132,2165
2133,2640
2133,2522
2133,2479
2133,2370
2133,2191
2134,2609
2134,2363
2134,2308
2134,2201
2134,2173
2134,2147
2135,2566
2135,2538
2135,2484
2135,2468
2135,2460
2135,2429
2135,2427
2135,2355
2136,2594
2136,2584
2136,2550
2136,2271
2136,2253
2136,2190
2136,2186
2136,2183
2137,2635
2137,2579
2137,2376
2137,2339
2137,2299
2137,2261
2138,2639
2138,2632
2138,2586
2138,2526
2138,2474
2138,2386
2138,2370
2138,2343
2138,2330
2138,2268
2138,2253
2139,2643
2139,2606
2139,2387
2139,2259
2140,2597
2140,2458
2140,2420
2140,2350
2141,2612
2141,2293
2142,2465
2142,2344
2143,2611
2143,2602
2143,2560
2143,2524
2143,2522
2143,2517
2143,2282
2143,2261
2143,2206
2143,2144
2144,2605
2144,2544
2144,2499
2144,2420
2144,2293
2144,2266
2144,2221
2145,2639
2145,2512
2145,2231
2145,2174
2146,2335
2147,2542
2147,2352
2147,2324
2147,2226
2147,2212
2147,2154
2148,2615
2148,2440
2148,2434
2148,2386
2148,2344
2148,2339
2148,2235
2148,2208
2149,2593
2149,2506
2149,2465
2149,2416
2149,2306
2149,2163
2150,2584
2150,2462
2150,2283
2151,2575
2151,2557
2151,2476
2151,2472
2151,2447
2151,2367
2151,2304
2151,2243
2153,2656
2153,2404
2153,2355
2153,2318
2154,2532
2154,2384
2154,2300
2154,2259
2154,2210
2155,2398
2155,2396
2155,2362
2155,2294
2155,2292
2156,2440
2157,2608
2157,2508
2157,2197
2157,2196
2157,2174
2159,2241
2160,2535
2160,2317
2161,2544
2161,2516
2161,2498
2161,2401
2161,2295
2161,2223
2161,2183
2163,2547
2163,2524
2163,2377
2163,2289
2163,2273
2164,2654
2164,2477
2164,2414
2164,2338
2164,2279
2165,2550
2165,2442
2165,2363
2165,2333
2165,2307
2165,2288
2165,2249
2165,2215
2166,2540
2166,2397
2166,2214
2169,2585
2169,2573
2172,2551
2172,2387
2173,2467
2173,2425
2173,2209
2173,2189
2174,2429
2174,2406
2174,2342
2174,2244
2175,2397
2175,2241
2176,2615
2176,2589
2176,2330
2176,2283
2177,2533
2177,2465
2177,2243
2179,2646
2179,2387
2179,2299
2180,2594
2180,2585
2180,2564
2180,2557
2180,2539
2180,2489
2180,2414
2180,2315
2180,2291
2183,2637
2183,2630
2184,2554
2184,2537
2184,2506
2184,2451
2185,2641
2185,2610
2185,2511
2185,2317
2186,2394
2186,2393
2186,2289
2187,2659
2187,2560
2187,2547
2187,2477
2187,2390
2187,2367
2187,2274
2187,2211
2187,2210
2187,2193
2187,2188
2188,2572
2188,2498
2189,2590
2189,2576
2189,2479
2189,2460
2189,2296
2189,2287
2189,2257
2189,2225
2189,2194
2190,2629
2190,2588
2190,2476
2190,2468
2190,2427
2190,2288
2190,2273
2191,2502
2191,2492
2191,2417
2191,2414
2191,2272
2191,2259
2191,2222
2193,2617
2193,2475
2194,2649
2194,2593
2194,2561
2194,2556
2194,2356
2194,2324
2194,2293
2194,2268
2194,2209
2194,2207
2196,2608
2196,2557
2196,2509
2196,2440
2196,2425
2196,2398
2197,2518
2198,2602
2198,2564
2198,2387
2198,2300
2199,2630
2199,2426
2199,2379
2199,2295
2199,2239
2199,2238
2200,2629
2200,2572
2200,2564
2200,2543
2200,2444
2200,2383
2201,2589
2201,2536
2201,2420
2201,2295
2203,2525
2203,2522
2203,2447
2203,2372
2203,2283
2203,2254
2203,2232
2203,2208
2205,2534
2205,2509
2205,2471
2205,2313
2205,2279
2205,2254
2206,2246
2207,2604
2207,2591
2207,2391
2208,2563
2208,2376
2208,2305
2208,2275
2209,2378
2209,2338
2210,2582
2210,2542
2210,2442
2210,2430
2210,2417
2210,2376
2210,2339
2210,2288
2210,2278
2211,2436
2212,2598
2212,2529
2212,2454
2213,2471
2213,2423
2214,2628
2214,2604
2214,2419
2214,2322
2215,2632
2215,2619
2215,2509
2215,2438
2215,2338
2215,2323
2215,2294
2216,2343
2216,2300
2216,2276
2217,2570
2218,2643
2218,2501
2218,2288
2220,2606
2220,2367
2221,2649
2221,2623
2221,2557
2221,2510
2222,2653
2222,2298
2222,2259
2222,2249
2222,2229
2223,2522
2223,2468
2223,2459
2223,2446
2223,2399
2223,2308
2223,2285
2224,2623
2224,2597
2224,2584
2224,2518
2224,2472
2224,2467
2225,2592
2225,2512
2225,2447
2226,2543
2226,2471
2226,2389
2226,2371
2226,2369
2226,2332
2226,2228
2228,2577
2228,2289
2229,2538
2229,2289
2229,2280
2231,2388
2231,2330
2231,2315
2231,2291
2231,2286
2232,2617
2232,2604
2232,2516
2232,2386
2232,2361
2232,2264
2233,2609
2233,2508
2233,2419
2233,2272
2233,2264
2234,2602
2234,2563
2234,2475
2234,2302
2234,2257
2235,2567
2235,2533
2235,2520
2235,2318
2235,2289
2235,2259
2236,2455
2237,2553
2237,2547
2237,2496
2237,2458
2237,2376
2237,2293
2237,2287
2239,2615
2239,2609
2239,2340
2239,2305
2240,2575
2240,2295
2240,2259
2241,2380
2241,2332
2242,2654
2242,2615
2242,2598
2242,2338
2243,2436
2243,2393
2243,2369
2243,2325
2243,2312
2243,2285
2244,2454
2244,2311
2244,2261
2246,2649
2246,2632
2246,2571
2246,2516
2246,2309
2247,2652
2247,2540
2247,2524
2247,2497
2247,2416
2247,2385
2247,2378
2247,2330
2248,2361
2249,2652
2249,2338
2250,2646
2250,2609
2250,2607
2250,2581
2250,2574
2250,2566
2250,2547
2250,2520
2250,2496
2250,2325
2250,2315
2252,2533
2252,2384
2252,2347
2253,2518
2253,2478
2253,2423
2254,2599
2254,2571
2254,2363
2256,2398
2256,2273
2257,2495
2257,2443
2257,2430
2257,2273
2258,2546
2258,2363
2259,2512
2259,2349
2259,2343
2259,2309
2259,2273
2260,2286
2260,2268
2261,2567
2261,2275
2262,2641
2262,2467
2262,2370
2263,2380
2264,2640
2264,2573
2264,2566
2264,2530
2264,2496
2264,2471
2264,2413
2264,2334
2265,2617
2265,2594
2266,2498
2267,2610
2267,2521
2267,2415
2267,2361
2267,2312
2268,2653
2268,2475
2268,2369
2268,2295
2270,2465
2270,2332
2271,2576
2271,2521
2271,2504
2271,2442
2272,2608
2272,2544
2273,2617
2273,2597
2273,2576
2273,2560
2273,2462
2273,2368
2273,2310
2274,2567
2274,2519
2274,2463
2275,2463
2275,2407
2275,2353
2275,2350
2276,2622
2276,2465
2276,2461
2276,2353
2276,2302
2277,2379
2277,2293
2278,2623
2278,2554
2278,2546
2278,2386
2278,2362
2279,2646
2279,2356
2279,2325
2279,2312
2280,2519
2280,2510
2280,2393
2280,2387
2280,2366
2280,2347
2280,2299
2282,2637
2282,2607
2282,2540
2282,2362
2282,2296
2283,2525
2283,2381
2283,2330
2285,2476
2285,2425
2285,2353
2285,2327
2286,2436
2286,2342
2287,2552
2287,2511
2287,2491
2287,2414
2287,2303
2288,2655
2288,2590
2288,2543
2288,2517
2288,2410
2289,2638
2289,2472
2289,2408
2289,2304
2290,2436
2291,2637
2291,2540
2292,2499
2292,2356
2293,2374
2293,2304
2294,2542
2295,2607
2295,2332
2296,2417
2297,2330
2298,2390
2298,2366
2298,2355
2298,2343
2299,2545
2299,2471
2300,2454
2300,2417
2300,2415
2300,2332
2302,2635
2302,2616
2302,2551
2302,2408
2302,2313
2303,2560
2303,2555
2303,2511
2303,2454
2303,2345
2304,2519
2304,2366
2305,2597
2305,2566
2305,2544
2305,2384
2305,2332
2305,2309
2306,2469
2306,2370
2306,2319
2307,2552
2307,2551
2307,2512
2308,2547
2308,2367
2308,2319
2309,2572
2309,2438
2309,2393
2310,2531
2310,2514
2310,2336
2311,2598
2311,2578
2311,2564
2311,2544
2312,2509
2312,2463
2312,2417
2313,2616
2313,2547
2313,2455
2314,2581
2315,2556
2315,2475
2315,2399
2315,2394
2315,2325
2316,2448
2316,2361
2317,2570
2317,2523
2318,2543
2318,2531
2318,2473
2318,2438
2318,2372
2319,2604
2319,2599
2319,2540
2319,2509
2319,2359
2319,2348
2321,2658
2321,2412
2321,2365
2322,2628
2322,2510
2322,2498
2322,2333
2323,2581
2323,2524
2323,2419
2323,2369
2323,2333
2324,2555
2324,2547
2324,2477
2324,2451
2325,2643
2325,2635
2325,2572
2326,2609
2326,2511
2326,2387
2327,2593
2327,2576
2327,2556
2327,2485
2327,2385
2328,2518
2328,2482
2328,2436
2329,2641
2329,2598
2329,2549
2329,2408
2330,2518
2331,2509
2332,2489
2332,2413
2333,2385
2334,2472
2334,2399
2334,2351
2335,2491
2336,2607
2336,2575
2336,2553
2336,2507
2336,2440
2336,2401
2336,2377
2338,2630
2338,2586
2338,2558
2338,2399
2339,2608
2339,2492
2342,2523
2342,2403
2342,2382
2343,2590
2343,2554
2343,2480
2343,2413
2344,2602
2344,2351
2345,2653
2345,2475
2345,2415
2345,2368
2347,2649
2347,2516
2347,2476
2348,2526
2350,2586
2350,2386
2350,2356
2351,2635
2351,2624
2351,2619
2351,2408
2352,2544
2353,2559
2353,2555
2353,2501
2353,2482
2353,2410
2353,2385
2354,2532
2355,2592
2355,2491
2356,2591
2356,2576
2356,2552
2356,2495
2356,2491
2356,2466
2357,2566
2357,2488
2358,2589
2359,2552
2359,2486
2359,2427
2359,2368
2361,2572
2361,2509
2361,2378
2362,2540
2362,2451
2362,2395
2363,2591
2363,2491
2363,2461
2363,2436
2364,2461
2365,2660
2365,2585
2366,2589
2366,2399
2366,2372
2367,2520
2367,2445
2367,2419
2368,2627
2369,2567
2369,2387
2370,2629
2370,2576
2370,2547
2370,2521
2370,2518
2370,2477
2371,2543
2372,2615
2372,2611
2372,2591
2372,2560
2372,2546
2372,2485
2374,2622
2374,2518
2374,2491
2374,2436
2375,2436
2376,2632
2377,2658
2377,2636
2377,2590
2377,2428
2378,2463
2379,2555
2379,2498
2383,2643
2383,2559
2383,2550
2384,2640
2384,2637
2384,2625
2384,2604
2384,2492
2384,2475
2384,2386
2385,2612
2385,2571
2385,2495
2385,2433
2385,2425
2387,2578
2387,2573
2387,2543
2389,2429
2390,2605
2390,2593
2390,2465
2391,2492
2392,2642
2392,2423
2393,2536
2393,2477
2393,2427
2393,2414
2394,2646
2394,2630
2394,2476
2394,2468
2395,2622
2396,2623
2396,2519
2396,2512
2398,2652
2398,2615
2398,2588
2398,2407
2399,2533
2399,2486
2401,2436
2402,2628
2402,2422
2404,2485
2405,2562
2406,2621
2406,2608
2406,2598
2406,2555
2406,2543
2407,2638
2407,2576
2407,2485
2407,2449
2408,2512
2409,2506
2409,2417
2410,2622
2410,2504
2411,2581
2411,2544
2414,2554
2415,2649
2415,2420
2416,2491
2417,2628
2417,2588
2417,2492
2418,2617
2418,2561
2418,2499
2418,2438
2419,2580
2419,2552
2419,2540
2419,2530
2420,2589
2420,2540
2420,2519
2423,2499
2425,2566
2425,2509
2425,2466
2425,2432
2427,2642
2427,2561
2427,2428
2428,2581
2428,2566
2428,2443
2429,2550
2429,2469
2429,2436
2430,2524
2433,2654
2433,2616
2434,2594
2434,2560
2436,2608
2436,2465
2438,2547
2438,2461
2440,2471
2442,2575
2442,2543
2443,2650
2443,2616
2443,2533
2445,2652
2445,2629
2445,2573
2445,2559
2445,2531
2445,2462
2447,2516
2447,2494
2449,2616
2449,2592
2449,2533
2449,2506
2453,2530
2458,2637
2458,2486
2458,2471
2458,2461
2459,2647
2460,2549
2461,2603
2462,2638
2462,2575
2462,2477
2463,2603
2464,2649
2465,2616
2465,2501
2466,2560
2467,2606
2468,2554
2468,2546
2468,2508
2468,2498
2469,2559
2469,2506
2471,2624
2471,2597
2471,2557
2471,2502
2471,2485
2472,2628
2472,2594
2472,2549
2474,2535
2475,2586
2475,2531
2475,2501
2476,2495
2477,2539
2478,2649
2478,2491
2479,2616
2480,2557
2482,2532
2484,2559
2486,2507
2488,2534
2488,2508
2489,2599
2489,2504
2490,2601
2491,2652
2491,2640
2491,2547
2491,2501
2492,2533
2492,2531
2492,2501
2493,2498
2495,2615
2495,2530
2496,2582
2496,2537
2496,2510
2499,2615
2499,2516
2501,2629
2501,2576
2503,2628
2506,2578
2507,2613
2508,2657
2508,2627
2508,2566
2509,2606
2510,2610
2512,2653
2512,2625
2512,2573
2512,2533
2514,2635
2514,2589
2518,2568
2519,2547
2520,2628
2520,2544
2521,2622
2522,2560
2522,2552
2524,2654
2524,2539
2525,2598
2526,2605
2526,2544
2529,2543
2529,2537
2530,2550
2532,2609
2532,2579
2532,2536
2536,2552
2537,2642
2537,2597
2537,2555
2542,2642
2542,2617
2543,2557
2543,2550
2544,2600
2546,2597
2547,2635
2549,2629
2550,2631
2553,2574
2554,2579
2554,2556
2556,2652
2557,2649
2559,2591
2563,2578
2564,2616
2564,2567
2571,2643
2572,2615
2572,2607
2572,2576
2573,2606
2576,2604
2579,2613
2581,2628
2582,2617
2590,2606
2594,2656
2597,2625
2601,2653
2603,2619
2604,2629
2605,2611
2606,2649
2606,2646
2613,2631
2614,2644
2623,2630
2636,2653
2636,2648
2640,2643
2642,2646
2661,3383
2661,3374
2661,3253
2661,3089
2661,3046
2661,2996
2661,2938
2661,2830
2661,2768
2661,2730
2662,3419
2662,3355
2662,3342
2662,2894
2662,2825
2662,2775
2662,2758
2663,3388
2663,3363
2663,3238
2663,2911
2663,2743
2664,3065
2664,3000
2665,3177
2665,3154
2665,3087
2665,3063
2666,3238
2666,3228
2666,3056
2666,2948
2666,2854
2666,2756
2667,3378
2667,3089
2668,3264
2668,3187
2668,3050
2668,2904
2669,3234
2669,2953
2669,2894
2669,2884
2672,3288
2672,3272
2672,3247
2672,3188
2672,3170
2672,3157
2672,3017
2673,3026
2673,2786
2674,3299
2674,2914
2675,3402
2675,3304
2675,3291
2675,3248
2675,3191
2675,3169
2675,3152
2675,2939
2675,2855
2676,3392
2676,3243
2676,2961
2676,2835
2676,2750
2676,2738
2676,2695
2677,3434
2677,3393
2677,3299
2677,3152
2677,2955
2677,2822
2679,3294
2679,3202
2679,2761
2680,3414
2680,3394
2680,3080
2680,2945
2680,2864
2680,2729
2681,3220
2681,2863
2681,2810
2682,3062
2682,2830
2683,3303
2683,2929
2683,2928
2683,2866
2683,2698
2684,3386
2684,3041
2684,2685
2686,3160
2686,2758
2687,3298
2687,3079
2687,3076
2687,2920
2687,2770
2688,3397
2688,3019
2688,2958
2688,2742
2689,3250
2690,3360
2690,3286
2690,2818
2692,3168
2692,2813
2692,2785
2693,3169
2693,2935
2693,2828
2693,2716
2694,3394
2694,3316
2694,3179
2694,3098
2694,2890
2694,2745
2695,2945
2695,2915
2695,2906
2695,2705
2696,3211
2696,3179
2696,2992
2697,3062
2698,3315
2698,3153
2698,2945
2698,2920
2699,3275
2700,3079
2700,2996
2700,2955
2701,2783
2702,3240
2702,3046
2702,3041
2705,3430
2705,3025
2705,2917
2705,2794
2706,3195
2706,3064
2706,2953
2707,3261
2707,3160
2708,3296
2708,2790
2708,2730
2709,2958
2710,3324
2710,3047
2710,3010
2710,2966
2711,3316
2711,3281
2711,3277
2711,3256
2712,3247
2712,3060
2712,2970
2712,2958
2712,2946
2712,2828
2713,3342
2713,3334
2713,3296
2713,3261
2713,2793
2713,2748
2714,2921
2715,3253
2715,3236
2715,3115
2715,3110
2715,3081
2715,3016
2716,3416
2716,3272
2716,3160
2716,3152
2716,3088
2716,3020
2716,2836
2717,3228
2717,3129
2717,2800
2718,3365
2718,3146
2718,2778
2719,3328
2719,3289
2719,3260
2719,3259
2719,3233
2719,3081
2720,3335
2720,3267
2720,3179
2720,3021
2720,2976
2720,2950
2720,2865
2722,3403
2723,3058
2724,2828
2724,2738
2726,3430
2726,3426
2726,3096
2726,3064
2726,2909
2727,3245
2727,3107
2727,3062
2728,3211
2728,3185
2728,3062
2728,3035
2729,3202
2729,3096
2729,3047
2729,2866
2730,3326
2730,3247
2730,3225
2730,3094
2730,3051
2730,3049
2730,2847
2730,2787
2731,3139
2731,2761
2731,2756
2733,3398
2733,3194
2733,3116
2733,2998
2733,2762
2734,3385
2734,2898
2734,2762
2735,3406
2735,3205
2735,3185
2735,3116
2735,3102
2735,3061
2735,2753
2736,3190
2737,3295
2737,3075
2738,2961
2738,2906
2739,3190
2739,3038
2739,2853
2739,2831
2741,3394
2741,3301
2741,2909
2741,2906
2741,2887
2741,2800
2742,3422
2742,3357
2742,3302
2743,3234
2743,3163
2743,2927
2743,2850
2745,2919
2745,2905
2745,2850
2746,3399
2746,3105
2746,2956
2747,3097
2747,2869
2747,2846
2748,3298
2748,3191
2748,3113
2748,2796
2750,3286
2750,3213
2750,3084
2750,2996
2750,2946
2750,2854
2751,3332
2751,3034
2751,3022
2751,2999
2751,2858
2752,3113
2753,3265
2753,3089
2753,2958
2754,3387
2754,3384
2755,3390
2755,3342
2755,3304
2755,2891
2755,2873
2755,2763
2756,3430
2756,3166
2756,2967
2756,2953
2757,3303
2757,3041
2758,3429
2758,3391
2758,3371
2758,3138
2758,2942
2758,2810
2759,3326
2759,2956
2759,2928
2759,2921
2759,2761
2761,3363
2761,3033
2762,3393
2762,3146
2762,3046
2762,2958
2763,3236
2763,3114
2763,3096
2763,3095
2763,2928
2763,2924
2763,2789
2764,3106
2764,3076
2765,3353
2765,3335
2765,3332
2765,3279
2765,3138
2765,3020
2765,2830
2766,3362
2768,3412
2768,3189
2769,3137
2769,3105
2769,2915
2769,2782
2770,3048
2770,2793
2772,3393
2772,3264
2772,3144
2772,2868
2772,2849
2772,2846
2773,3080
2773,3042
2775,3344
2775,3201
2775,2901
2775,2830
2777,3257
2777,3213
2777,3149
2777,3142
2777,3104
2778,3405
2778,3299
2778,2840
2779,3241
2779,2820
2780,3273
2780,3182
2780,3169
2780,3024
2780,2989
2780,2946
2781,3203
2781,3046
2781,3021
2781,2984
2781,2942
2782,3237
2782,3129
2783,3287
2783,3281
2783,3191
2783,3117
2783,3005
2784,3248
2784,3208
2784,3138
2784,2973
2784,2812
2785,3393
2785,3256
2785,3060
2785,2947
2785,2803
2786,2961
2787,3389
2787,3366
2787,3335
2787,2818
2789,3226
2789,3166
2789,3036
2790,3356
2790,3038
2791,3107
2793,3296
2793,3273
2793,3261
2793,3211
2793,3088
2794,2974
2794,2919
2795,3344
2795,3340
2795,3329
2795,3043
2795,2797
2796,3235
2796,2876
2796,2846
2796,2831
2796,2803
2797,3307
2797,3069
2800,3387
2800,3234
2800,3117
2800,2911
2802,3344
2802,3288
2802,3185
2802,3115
2803,3295
2803,2946
2804,3434
2804,3383
2806,3364
2806,3232
2806,3065
2806,2961
2807,2993
2807,2928
2810,3040
2811,3412
2812,3167
2812,3148
2812,2943
2812,2914
2812,2863
2813,3043
2813,3005
2815,3117
2815,3104
2815,2940
2815,2877
2816,2951
2818,3320
2818,3087
2818,3005
2818,2936
2819,3359
2819,3189
2820,3366
2820,3072
2820,3017
2823,3280
2823,3178
2823,3148
2825,3434
2825,3410
2825,3196
2826,2883
2827,3158
2828,3288
2828,3206
2828,3039
2829,3264
2830,3034
2831,3434
2832,3397
2832,3359
2832,3345
2832,3150
2833,3377
2833,3342
2833,3335
2833,3296
2833,3236
2833,3172
2833,3148
2835,3096
2835,3052
2836,3416
2836,3259
2836,3116
2836,3077
2836,2961
2839,3303
2840,3416
2840,3386
2840,3198
2840,3179
2841,3363
2841,3256
2841,3043
2841,2966
2843,3330
2843,3291
2843,3138
2843,3118
2843,3107
2844,2990
2845,3349
2845,3319
2845,3204
2845,3171
2845,3168
2845,3097
2845,3089
2845,3034
2845,3018
2845,2955
2846,3355
2846,3246
2846,3140
2846,2991
2846,2863
2847,3204
2847,2937
2848,2895
2849,3356
2850,3393
2850,3040
2850,3036
2851,3042
2851,2956
2851,2919
2851,2899
2852,3363
2852,3073
2852,3026
2852,2946
2853,3434
2853,3332
2853,3211
2853,3188
2853,3185
2853,3086
2854,2987
2854,2906
2855,3291
2856,3253
2856,3136
2858,3332
2858,3246
2858,3206
2858,2870
2858,2869
2859,3403
2859,3120
2860,3405
2862,3284
2862,3243
2862,3096
2863,3321
2863,3278
2863,3254
2863,3186
2863,3056
2864,3304
2864,3080
2864,2948
2865,3277
2865,3258
2866,3220
2867,3193
2867,3142
2867,3033
2867,2887
2868,3274
2868,3168
2868,3060
2868,2932
2869,3391
2869,3296
2869,3253
2869,3211
2869,3148
2869,2951
2869,2921
2870,3172
2870,2951
2870,2938
2871,3411
2871,3366
2871,3246
2871,3188
2871,3072
2871,3034
2872,2969
2873,3231
2873,3220
2873,3023
2873,2987
2874,3229
2874,3090
2874,2929
2875,3255
2875,3102
2875,3088
2875,2984
2875,2946
2876,3235
2876,3162
2876,3038
2877,3315
2877,3193
2877,3010
2878,3393
2878,3082
2878,2881
2880,3107
2881,3396
2881,3291
2881,3247
2881,3176
2881,3107
2881,3106
2881,3018
2882,3079
2882,3048
2883,3420
2883,3169
2883,3157
2884,3234
2887,2981
2888,3168
2889,3118
2890,3400
2890,3304
2891,3417
2891,3084
2891,3064
2892,3068
2893,3291
2894,3328
2894,3299
2894,3192
2894,3027
2894,2999
2894,2968
2895,3380
2895,3242
2895,3001
2895,2939
2896,3433
2896,3394
2896,3220
2896,3137
2896,3114
2897,3430
2897,2969
2898,3157
2900,3018
2900,3007
2901,3373
2901,3178
2901,2999
2904,3385
2904,3307
2904,3224
2904,3199
2904,3058
2905,3238
2905,2961
2905,2960
2905,2948
2905,2920
2906,3430
2906,3052
2907,3304
2907,3098
2907,2948
2908,3065
2908,3056
2908,2993
2908,2925
2909,3433
2909,3202
2909,2994
2910,3228
2912,3195
2912,3030
2912,2988
2912,2967
2913,3284
2913,3025
2913,3000
2914,3419
2914,3406
2914,3277
2914,3106
2914,2936
2915,3315
2915,3146
2915,3065
2915,3030
2915,2920
2916,3435
2916,3433
2916,3400
2916,3023
2916,3014
2918,2999
2918,2979
2919,3339
2919,3301
2919,3042
2919,2949
2919,2946
2919,2945
2920,3362
2920,2987
2920,2966
2921,3224
2921,3162
2921,2932
2923,3422
2923,3221
2923,3182
2923,3165
2923,3106
2923,3070
2923,3021
2923,2999
2923,2951
2924,3301
2924,3294
2924,3052
2924,3014
2924,2994
2924,2993
2925,3436
2927,3414
2927,3364
2929,3234
2929,3213
2929,3123
2929,3054
2931,3227
2931,3084
2932,3411
2932,3365
2932,3075
2932,3060
2932,3038
2932,3035
2932,3027
2935,3155
2935,3005
2936,3342
2937,3411
2937,3374
2937,3198
2937,3146
2937,3110
2938,3039
2939,3357
2939,3323
2939,3007
2939,2976
2940,3228
2941,3244
2941,3038
2942,3360
2943,3394
2943,3324
2943,3294
2943,3092
2943,2996
2945,3052
2945,3047
2945,3022
2946,3345
2948,3387
2950,3215
2950,3106
2951,3386
2951,3385
2951,3351
2951,3312
2951,3296
2951,3210
2951,3072
2953,3004
2955,3360
2955,3326
2955,3203
2956,3394
2956,3392
2958,3256
2958,3255
2958,3185
2958,3152
2960,3202
2962,3404
2962,3292
2962,3015
2964,3260
2964,3082
2965,3343
2965,3287
2966,3384
2966,3220
2967,3104
2967,3095
2968,3253
2968,3167
2969,3274
2970,3422
2970,3277
2970,3113
2970,2989
2970,2973
2973,3353
2973,3259
2973,3032
2974,3388
2974,3129
2974,3042
2976,3302
2976,3278
2976,3274
2976,3120
2977,3174
2978,2988
2979,3347
2979,3302
2980,3199
2980,3120
2984,3215
2984,3009
2986,2994
2987,3317
2987,3232
2988,3426
2988,3394
2988,3390
2988,3257
2989,3365
2989,3349
2989,3185
2989,3177
2989,3102
2991,3212
2991,3039
2991,3017
2992,3422
2992,3391
2992,3350
2992,3276
2993,3078
2994,3393
2994,3234
2994,3036
2994,3026
2995,3075
2996,3418
2996,3280
2996,3246
2996,3239
2996,3178
2996,3145
2996,3113
2996,3110
2996,3077
2997,3258
2997,3151
2999,3019
3000,3324
3000,3321
3001,3366
3001,3358
3001,3327
3001,3313
3001,3120
3001,3034
3002,3405
3002,3345
3002,3344
3002,3245
3002,3160
3002,3035
3002,3016
3004,3227
3004,3202
3005,3334
3005,3082
3006,3214
3007,3410
3007,3068
3009,3313
3009,3146
3009,3110
3010,3364
3010,3303
3010,3073
3011,3291
3011,3209
3013,3342
3013,3240
3014,3238
3014,3130
3014,3096
3015,3288
3015,3277
3015,3260
3016,3369
3016,3367
3016,3338
3016,3330
3017,3334
3017,3272
3017,3191
3017,3041
3018,3409
3018,3297
3018,3177
3018,3176
3019,3351
3019,3341
3019,3221
3019,3220
3019,3172
3019,3170
3020,3198
3020,3192
3020,3051
3021,3330
3021,3306
3023,3064
3024,3111
3025,3433
3026,3227
3027,3316
3027,3120
3029,3078
3032,3291
3032,3267
3034,3378
3034,3349
3034,3077
3034,3046
3035,3374
3035,3117
3036,3293
3036,3250
3036,3142
3036,3096
3038,3411
3038,3239
3038,3110
3038,3086
3039,3291
3041,3342
3041,3224
3041,3095
3042,3339
3042,3220
3042,3195
3043,3075
3046,3144
3046,3120
3046,3104
3047,3056
3048,3411
3048,3203
3049,3355
3049,3289
3049,3215
3049,3148
3049,3058
3050,3178
3050,3167
3051,3411
3051,3369
3051,3340
3051,3211
3052,3250
3052,3195
3054,3390
3056,3293
3057,3185
3058,3161
3058,3150
3058,3116
3061,3432
3061,3356
3061,3205
3062,3207
3062,3191
3063,3248
3064,3387
3064,3090
3066,3327
3067,3219
3068,3103
3068,3079
3069,3379
3069,3310
3070,3381
3070,3353
3070,3179
3070,3109
3070,3089
3072,3272
3072,3162
3072,3115
3075,3185
3075,3107
3076,3263
3076,3094
3077,3313
3077,3152
3077,3107
3077,3106
3078,3414
3078,3304
3078,3139
3079,3416
3079,3164
3080,3293
3081,3187
3081,3088
3082,3425
3082,3422
3082,3366
3082,3177
3082,3103
3084,3142
3085,3184
3086,3321
3086,3196
3087,3113
3088,3215
3089,3380
3089,3341
3089,3249
3089,3219
3089,3145
3089,3117
3090,3345
3091,3415
3092,3232
3092,3229
3093,3258
3094,3302
3096,3234
3097,3406
3097,3373
3098,3345
3100,3420
3100,3160
3101,3306
3103,3385
3103,3152
3104,3387
3104,3326
3104,3174
3106,3241
3107,3422
3107,3331
3107,3299
3107,3196
3108,3414
3108,3234
3111,3327
3111,3191
3112,3360
3112,3297
3112,3120
3113,3406
3113,3256
3114,3243
3114,3232
3114,3213
3115,3321
3115,3289
3115,3169
3116,3355
3116,3319
3116,3175
3117,3206
3118,3292
3120,3332
3120,3327
3120,3167
3120,3160
3124,3224
3130,3303
3132,3377
3133,3148
3135,3286
3135,3238
3135,3137
3136,3415
3136,3356
3136,3249
3137,3237
3137,3184
3138,3215
3139,3433
3139,3364
3139,3362
3140,3415
3140,3211
3144,3419
3144,3326
3144,3258
3145,3434
3145,3299
3145,3272
3145,3235
3146,3150
3148,3345
3148,3297
3151,3421
3151,3169
3152,3299
3152,3287
3152,3206
3152,3167
3153,3243
3154,3416
3154,3395
3154,3261
3154,3185
3155,3434
3155,3347
3156,3236
3156,3199
3157,3281
3157,3267
3160,3191
3161,3302
3162,3206
3167,3329
3168,3387
3168,3360
3168,3353
3168,3285
3168,3241
3168,3204
3168,3203
3170,3342
3172,3379
3172,3178
3173,3396
3174,3238
3176,3186
3178,3330
3182,3346
3185,3381
3185,3374
3185,3355
3185,3189
3186,3378
3187,3350
3188,3191
3189,3264
3191,3274
3192,3267
3195,3394
3195,3238
3196,3429
3198,3378
3199,3297
3201,3431
3202,3220
3203,3260
3204,3258
3205,3378
3206,3366
3210,3285
3212,3374
3214,3412
3214,3397
3214,3391
3215,3278
3219,3312
3220,3430
3221,3406
3225,3409
3225,3365
3227,3294
3228,3421
3232,3243
3233,3434
3233,3255
3234,3430
3238,3363
3239,3418
3240,3379
3243,3257
3246,3383
3247,3403
3247,3386
3252,3403
3252,3356
3252,3337
3253,3419
3253,3376
3253,3366
3255,3434
3255,3329
3256,3411
3256,3367
3256,3335
3259,3385
3259,3320
3259,3267
3260,3320
3261,3405
3261,3288
3262,3347
3263,3346
3267,3391
3272,3434
3273,3350
3273,3274
3274,3389
3274,3378
3274,3344
3274,3296
3274,3275
3277,3406
3277,3288
3279,3406
3280,3395
3284,3433
3286,3362
3287,3331
3289,3374
3289,3365
3289,3312
3289,3307
3291,3358
3292,3345
3296,3385
3296,3347
3298,3395
3298,3360
3299,3381
3299,3338
3302,3420
3303,3417
3306,3416
3307,3378
3310,3336
3312,3341
3316,3332
3316,3321
3319,3343
3320,3330
3323,3331
3324,3364
3328,3360
3332,3422
3335,3416
3337,3380
3341,3395
3341,3355
3342,3385
3342,3375
3342,3351
3342,3349
3345,3364
3346,3381
3347,3393
3349,3373
3351,3386
3353,3412
3353,3411
3355,3422
3355,3410
3359,3403
3365,3419
3366,3411
3366,3395
3369,3378
3371,3397
3381,3397
3384,3426
3384,3399
3393,3401
3397,3404
3403,3411
3415,3418
3438,3889
3438,3800
3438,3578
3440,3702
3440,3496
3440,3452
3442,3944
3442,3759
3443,3652
3447,3536
3449,3784
3449,3750
3449,3540
3449,3512
3449,3488
3450,3858
3450,3845
3450,3707
3450,3635
3450,3514
3454,3503
3455,3666
3456,3886
3457,3700
3458,3896
3458,3529
3460,3764
3461,3604
3461,3522
3462,3765
3462,3577
3466,3777
3469,3511
3470,3698
3470,3625
3470,3588
3471,3858
3471,3788
3471,3753
3471,3674
3472,3977
3474,3900
3474,3591
3475,3703
3475,3577
3475,3576
3475,3514
3476,3901
3477,3824
3479,3512
3480,3703
3480,3700
3480,3517
3483,3569
3484,3563
3484,3485
3485,3577
3486,3823
3488,3785
3488,3591
3488,3491
3490,3806
3492,3659
3493,3947
3493,3878
3493,3833
3494,3921
3495,3780
3495,3613
3495,3611
3496,3962
3497,3800
3497,3692
3497,3501
3498,3840
3498,3628
3498,3553
3499,3969
3499,3826
3501,3672
3501,3562
3502,3765
3503,3635
3503,3528
3505,3920
3506,3866
3506,3553
3507,3646
3509,3878
3509,3572
3509,3558
3510,3631
3510,3572
3511,3927
3511,3600
3512,3658
3514,3962
3514,3543
3515,3951
3516,3633
3516,3517
3518,3962
3518,3828
3520,3926
3521,3933
3524,3909
3525,3938
3525,3828
3525,3805
3526,3705
3527,3943
3527,3605
3527,3543
3533,3888
3533,3684
3534,3976
3534,3895
3534,3870
3535,3906
3539,3714
3540,3804
3542,3873
3545,3548
3548,3731
3550,3877
3550,3710
3552,3736
3553,3590
3554,3724
3555,3951
3555,3823
3556,3867
3556,3852
3557,3831
3557,3734
3557,3633
3558,3784
3558,3718
3558,3614
3560,3578
3561,3930
3562,3797
3563,3839
3563,3838
3563,3596
3564,3822
3565,3830
3565,3651
3568,3898
3573,3830
3573,3586
3576,3633
3576,3578
3577,3845
3577,3838
3577,3635
3578,3750
3578,3605
3579,3647
3584,3931
3586,3736
3586,3590
3591,3890
3591,3763
3592,3629
3594,3697
3594,3674
3596,3873
3599,3831
3601,3914
3601,3810
3601,3758
3601,3617
3602,3752
3605,3966
3605,3734
3605,3613
3607,3960
3609,3817
3611,3687
3612,3861
3612,3724
3612,3646
3613,3717
3617,3913
3617,3635
3618,3884
3618,3841
3618,3717
3620,3931
3620,3758
3623,3719
3624,3727
3625,3936
3627,3968
3628,3842
3633,3915
3635,3971
3635,3891
3635,3707
3635,3639
3637,3656
3642,3971
3642,3891
3642,3651
3644,3710
3645,3930
3645,3724
3646,3927
3648,3829
3648,3821
3651,3957
3651,3926
3651,3804
3654,3919
3654,3877
3656,3687
3656,3658
3658,3866
3659,3956
3659,3860
3665,3764
3667,3765
3668,3937
3669,3883
3670,3968
3670,3780
3670,3734
3672,3873
3672,3697
3674,3779
3677,3944
3678,3886
3678,3823
3680,3717
3680,3697
3683,3858
3684,3979
3684,3700
3685,3977
3686,3886
3686,3832
3687,3883
3687,3721
3690,3881
3692,3845
3693,3712
3697,3707
3698,3921
3700,3919
3702,3860
3702,3740
3703,3852
3707,3884
3707,3839
3711,3843
3712,3873
3714,3767
3715,3735
3716,3952
3718,3931
3721,3928
3721,3913
3721,3760
3722,3858
3726,3924
3728,3977
3734,3902
3734,3832
3734,3804
3735,3862
3735,3842
3735,3835
3737,3785
3750,3966
3750,3828
3752,3754
3755,3891
3756,3918
3759,3924
3761,3947
3761,3931
3762,3926
3769,3867
3770,3845
3770,3829
3777,3906
3781,3927
3784,3931
3786,3843
3786,3833
3790,3880
3790,3841
3790,3831
3793,3969
3797,3838
3810,3818
3824,3845
3825,3895
3825,3878
3825,3830
3828,3928
3829,3958
3829,3855
3830,3906
3833,3958
3840,3977
3841,3930
3855,3945
3855,3869
3857,3892
3866,3914
3869,3951
3873,3908
3914,3933
3915,3933
3927,3969
3929,3944
3981,4005
3983,3992
3988,3997
4017,4018
user 3,friend 3
0,348
1,251
1,38
2,41
3,271
3,55
5,101
7,187
9,283
9,55
9,45
13,291
13,260
13,235
13,156
14,333
16,159
19,326
21,224
21,164
22,274
22,172
24,158
24,73
26,311
26,229
26,175
26,136
26,30
27,186
27,184
27,178
29,98
30,161
30,142
31,172
31,146
32,243
34,427
38,188
38,148
39,322
40,299
40,247
40,170
40,159
40,122
40,109
45,325
45,130
45,128
45,59
45,56
46,102
48,341
48,221
48,212
48,158
53,272
53,96
53,67
54,320
54,291
54,211
55,308
56,84
57,130
60,136
62,271
62,246
62,105
63,142
64,170
65,172
66,231
69,308
72,302
72,285
72,258
72,257
73,290
75,184
77,119
79,325
79,280
79,186
82,236
84,298
85,339
85,141
87,119
88,271
88,250
88,189
88,169
88,158
89,227
94,224
104,340
104,156
104,136
105,304
105,146
107,3086
107,3001
107,2410
107,512
107,405
107,369
109,170
110,201
111,167
113,257
116,243
117,291
117,128
118,323
118,272
118,260
119,336
119,141
121,261
121,184
123,211
123,203
126,170
128,294
128,270
128,142
130,299
130,239
132,239
133,334
133,313
133,252
133,156
135,139
136,2575
136,2310
136,2218
136,1987
136,1966
136,1952
136,1950
136,1925
136,258
136,211
136,165
141,332
141,232
141,213
141,161
142,314
146,330
146,163
148,322
148,313
153,176
155,245
158,285
161,298
161,276
161,169
164,252
169,258
169,224
169,180
171,1374
171,1109
172,297
173,374
175,245
177,296
184,300
185,345
185,314
185,213
186,290
186,249
187,211
188,246
194,315
199,270
200,211
203,232
212,235
217,223
222,342
223,345
224,325
224,231
232,341
232,236
235,304
236,329
236,246
238,281
248,345
248,295
249,285
249,283
250,280
250,260
251,325
252,298
261,274
265,315
271,288
274,280
276,314
276,285
281,322
283,285
285,311
295,297
298,341
298,315
299,308
307,315
308,325
323,344
334,341
348,1882
348,1878
348,671
348,645
349,374
350,568
350,493
350,440
352,1897
352,1487
352,432
353,1833
353,1779
353,1446
353,1408
353,1159
353,1149
353,1128
353,555
354,645
355,512
355,473
355,451
355,395
355,370
359,569
359,520
359,493
359,460
362,1778
362,537
362,498
362,404
362,394
362,391
363,1688
363,1453
363,1428
363,1338
363,1223
363,1143
363,671
363,641
363,480
363,439
365,432
365,374
366,1841
366,1545
366,1525
366,1524
366,1429
366,993
366,954
366,535
366,500
366,478
366,477
366,463
366,458
366,451
367,1688
367,569
367,534
368,532
368,513
368,417
369,524
370,1320
370,541
371,492
372,1320
372,555
372,542
372,376
373,1875
373,936
373,684
373,653
373,652
373,426
373,394
374,1870
374,1446
374,678
374,637
374,471
374,415
375,537
375,507
375,497
375,483
376,1855
376,1677
376,1628
376,1519
376,1455
376,1451
376,1282
376,1175
376,1011
376,644
376,620
376,510
378,1595
378,1113
378,678
378,402
378,397
381,450
382,442
385,479
385,460
387,1400
387,646
387,538
388,504
388,461
388,460
389,1910
389,1640
389,1633
389,1497
389,1304
389,1035
389,924
389,417
390,547
390,481
390,428
391,1778
391,1716
391,1343
391,629
391,604
391,473
392,1740
392,580
392,521
392,517
394,548
394,431
394,423
394,417
395,1881
395,1850
395,1574
395,1545
395,1320
395,1018
395,936
395,586
395,496
395,494
395,415
396,645
396,513
396,494
397,438
398,421
400,1574
400,1427
400,1374
400,1357
400,654
400,629
400,508
400,481
400,479
400,430
402,1767
402,1694
402,479
402,474
402,427
403,557
403,523
404,1630
404,1012
404,976
404,523
404,488
405,604
405,542
405,451
407,481
408,1694
408,637
408,558
408,516
409,1595
409,559
409,475
409,474
409,440
409,424
412,1374
412,444
413,511
413,436
414,1492
414,1487
414,1432
414,1199
414,930
414,549
414,538
415,614
415,485
416,1400
416,524
416,424
417,1595
417,1574
417,1427
417,1357
417,1142
417,915
417,472
417,458
418,471
419,1773
419,1606
419,461
419,458
419,449
419,433
420,1282
420,1059
420,645
420,547
420,494
420,428
421,542
421,488
421,461
422,426
423,1766
423,1436
423,1159
423,671
423,481
424,1745
425,1338
425,430
426,1574
426,1095
426,463
427,556
427,469
428,1709
428,1099
428,505
428,470
429,497
430,1300
431,1871
431,1688
431,1549
431,1320
431,586
431,565
432,1801
432,604
432,593
432,591
432,517
432,492
433,460
434,948
434,930
436,1512
436,1324
436,1313
436,569
436,502
437,547
438,1358
438,1179
438,666
438,646
438,597
439,1349
439,446
440,591
442,483
444,644
444,580
444,543
444,535
444,512
444,511
444,485
445,1358
445,683
446,506
446,493
450,555
450,536
451,1692
451,479
451,452
452,1574
452,1320
452,565
452,503
455,1374
455,537
455,524
455,523
456,1349
456,554
456,510
458,1237
458,676
458,531
459,520
459,497
460,1688
460,676
460,609
460,541
460,513
460,510
460,500
461,1616
461,1606
461,684
461,641
461,605
461,582
461,580
461,534
463,1238
463,604
465,1606
469,506
469,475
470,538
471,1397
472,503
473,497
474,1400
474,561
474,555
474,510
474,485
475,1843
475,1699
475,1563
475,1400
475,1311
475,1269
475,1095
475,1068
475,921
475,907
475,494
479,523
479,521
480,558
482,1095
482,566
483,1709
483,1665
483,1547
483,1531
483,1503
483,1217
483,1147
483,1103
483,554
484,1835
484,1804
484,1789
484,1776
484,1663
484,1654
484,1551
484,1518
484,1464
484,1250
484,1126
484,1049
484,966
488,555
490,634
490,546
491,580
491,531
491,518
492,1473
492,1374
493,1425
493,1004
493,505
494,1778
494,1487
494,1078
495,565
495,561
496,1694
496,1406
497,1300
497,1122
497,930
500,1763
500,1526
500,559
502,1237
502,536
502,503
503,1870
503,1574
503,1001
503,570
504,1311
504,569
504,538
506,1912
507,1300
507,1294
508,556
510,570
511,645
511,514
512,606
513,1740
513,1487
513,555
514,1179
514,962
514,546
514,536
515,1744
515,1425
515,652
515,634
515,604
515,546
515,543
516,538
517,1878
517,1763
517,1400
517,1300
517,1273
517,1241
517,1154
517,614
519,637
519,523
520,1490
520,669
520,594
521,565
521,525
523,1882
523,1514
523,526
524,546
525,1770
525,1680
525,596
525,587
526,1897
526,1830
526,1763
526,1722
526,1698
526,1694
526,1689
526,1681
526,1605
526,1453
526,1283
526,1153
526,1130
526,1079
526,967
526,920
526,676
526,560
527,1616
527,1320
527,543
528,529
531,1374
533,565
534,551
535,1025
536,620
537,1574
537,620
538,1570
538,1514
538,1300
538,1191
538,1166
538,1012
539,1374
543,565
544,1878
544,1694
544,1075
544,593
544,551
545,614
546,560
546,554
547,645
547,641
547,634
548,1881
548,614
549,683
552,566
553,1699
555,637
556,561
558,580
559,1853
559,1322
559,654
560,1332
560,1238
561,1080
561,1012
561,663
563,1897
563,1742
563,1653
563,1472
563,1392
563,1123
563,1023
563,606
563,591
565,567
566,1661
566,1475
566,1472
566,1283
566,1175
567,3527
567,1320
570,606
570,591
575,631
577,665
579,672
580,1826
580,1373
580,1282
580,1110
580,1036
582,647
584,644
589,653
590,683
591,1400
591,1374
591,1148
591,1142
591,957
594,1320
596,1730
596,1728
596,1673
596,1462
596,1375
596,1371
596,1149
596,1099
596,930
596,664
598,666
598,633
601,1882
601,1706
601,1113
601,685
604,619
605,657
606,1835
606,1801
606,1736
606,1602
606,1424
606,1204
606,1173
606,1160
606,1103
606,927
609,655
614,1487
614,1400
616,653
620,683
620,667
621,655
621,636
628,640
630,1229
634,652
637,1715
637,1682
637,1631
637,1533
637,1426
637,1217
637,1171
637,1006
639,1179
641,1782
641,1665
641,1578
641,1414
641,1349
641,1330
645,1881
645,1436
645,936
646,1114
651,1853
651,1833
651,1738
651,1399
651,1344
651,1095
651,1054
656,1320
673,1237
683,1777
683,1313
686,887
688,779
689,802
693,840
693,762
694,728
695,800
695,731
697,829
698,794
698,784
698,758
701,833
701,803
701,741
702,791
705,838
705,796
706,836
706,768
706,754
707,771
708,842
708,803
709,817
709,792
709,784
709,758
710,838
710,795
710,755
711,715
713,803
715,856
715,831
715,777
718,832
719,869
723,845
723,777
723,762
724,856
724,756
724,753
726,759
726,755
727,728
728,735
730,845
731,843
732,796
736,747
737,764
738,786
739,755
740,769
743,746
745,854
745,811
746,847
746,788
747,786
747,781
748,848
751,840
752,809
753,838
753,820
753,800
755,856
755,830
756,818
756,783
758,829
759,784
760,845
760,773
761,843
761,803
761,777
764,773
765,800
766,851
766,790
766,782
768,823
768,810
769,838
770,778
772,882
773,856
773,777
774,845
780,800
782,849
784,843
784,814
784,809
787,856
792,845
794,831
794,824
800,829
800,807
803,850
804,831
807,840
808,849
812,821
815,821
818,830
819,826
824,846
827,880
827,837
829,850
829,844
829,837
830,842
834,854
834,851
838,843
842,845
842,844
862,3804
862,3712
862,3672
896,1801
896,1744
896,1695
896,1671
896,1654
896,1469
897,1882
897,1879
897,1823
897,1804
897,1701
897,1596
897,1405
897,1267
897,1247
897,1155
897,1143
897,1085
897,906
898,1770
898,1052
899,1816
900,1583
900,1274
900,1085
901,1784
901,1758
901,956
902,1862
902,1578
902,1324
902,1275
902,1273
902,1081
902,1020
902,915
905,1699
905,1632
905,1598
906,2543
906,1845
906,1821
906,1799
906,1751
906,1679
906,1483
906,1456
906,1435
906,1237
906,1195
906,1185
906,1153
906,1052
906,922
907,1832
907,1584
907,1551
907,1427
907,1242
907,1101
907,1079
907,932
908,1725
908,1621
908,1540
908,1445
908,1269
908,982
908,951
909,1183
912,1375
913,1864
913,1827
913,1399
913,1329
913,1299
913,1291
913,1271
913,1267
913,1207
913,1054
913,978
913,951
914,1694
915,1725
915,1617
915,1448
915,1423
915,1364
915,1313
915,1120
915,1114
915,988
916,1911
916,1885
916,1883
916,1817
916,1792
916,1783
916,1757
916,1714
916,1540
916,1539
916,1519
916,1405
916,1388
916,1375
916,1327
916,1219
916,1171
916,1116
916,1029
917,1808
917,1781
917,1565
917,1471
917,1285
917,1257
917,1123
917,937
919,1715
919,1647
919,1587
919,1526
919,1444
919,1306
919,1246
919,1238
919,1104
919,1060
919,969
920,1796
920,1685
920,1004
921,1797
921,1559
921,1302
921,1237
921,1162
921,1014
921,962
922,1888
922,1783
922,1772
922,1753
922,1597
922,1585
922,1556
922,1547
922,1532
922,1517
922,1409
923,1806
923,1659
923,1419
923,1391
923,1255
924,1729
924,1727
924,1667
924,1636
924,1539
924,1314
924,1284
925,1872
925,1487
925,1444
925,1440
925,1413
925,1330
925,1305
925,1293
925,1078
925,926
926,1700
926,1528
926,1501
926,1487
926,1485
926,1471
926,1359
926,1331
926,1110
927,1741
927,1721
927,1714
927,1710
927,1684
927,1365
927,1349
927,1238
927,1227
927,1196
927,1130
927,1082
927,1054
930,1778
930,1545
931,1881
931,1744
931,1545
932,1842
932,1405
932,1393
932,1335
932,1146
932,1092
932,1004
932,961
933,1569
933,1427
933,1358
933,1299
933,1155
934,1861
934,1843
934,1832
934,1819
934,1794
934,1674
934,1622
934,1525
934,1457
934,1436
934,1258
934,1238
934,1207
934,1181
934,1173
934,1066
934,1049
935,1706
935,1436
935,1227
935,1009
936,1878
936,1724
936,1117
936,1113
938,1507
938,1066
939,1514
940,1529
940,1345
940,1277
941,1190
941,1108
941,944
942,1887
942,1728
942,1677
942,1158
942,1007
943,1727
943,1265
943,974
943,962
944,1531
944,1244
944,1236
944,1221
945,1894
946,1858
946,1795
946,1758
946,1484
946,1470
946,1412
946,1327
946,1219
946,1117
947,1901
947,1853
947,1794
947,1753
947,1658
947,1632
947,1405
947,1398
947,1359
947,1122
947,1116
947,968
948,1777
948,1621
948,1375
948,1265
948,1192
948,1048
949,1807
949,1540
949,1332
949,1244
950,1735
950,1124
951,1637
951,1369
951,982
952,1814
952,1641
952,1561
952,1523
952,1402
952,1361
952,1340
952,1287
952,1068
952,1049
953,1846
953,1844
953,1772
953,1752
953,1614
953,1541
953,1501
953,1467
953,1274
953,1196
953,1052
953,960
954,1906
954,1190
954,1167
954,1109
957,1862
957,1786
957,1647
957,1113
957,1044
957,988
958,963
959,1891
959,1888
959,1522
959,1439
959,1290
959,1092
960,1843
960,1656
960,1637
960,1514
960,1352
960,1339
960,1257
960,1128
960,1117
960,1048
960,978
961,1816
961,1791
961,1597
961,1163
961,1085
962,1848
962,1781
962,1689
962,1616
962,1520
962,1504
962,1496
962,1420
962,1044
962,1019
963,1711
963,1487
963,971
964,1870
964,1812
964,1396
964,1322
964,989
965,1794
966,1867
966,1795
966,1735
966,1699
966,1659
966,1644
966,1623
966,1540
966,1269
966,1116
966,1110
966,1079
966,1068
966,1063
966,1059
966,1039
967,1905
967,1863
967,1757
967,1679
967,1666
967,1199
967,1113
968,1886
968,1876
968,1785
968,1761
968,1637
968,1636
968,1473
968,1377
968,1345
968,1313
968,1290
968,1271
968,1243
968,1234
968,1220
968,1132
968,1074
969,1591
969,1347
970,1480
970,1189
971,1873
971,1807
971,1781
971,1418
971,1332
971,1128
971,1108
972,1668
972,1399
972,1303
972,1199
973,1909
973,1618
973,1522
973,1211
973,1050
974,1840
974,1306
974,1093
975,1790
975,1414
975,1412
975,1117
976,1853
976,1102
977,1536
977,1481
977,1228
977,1070
978,1832
978,1753
978,1712
978,1604
978,1572
978,1553
978,1467
978,1383
978,1289
978,1212
978,1181
978,1171
978,1084
978,1067
978,1052
980,1843
980,1653
980,1623
980,1606
980,1317
980,1255
980,1165
980,1125
980,1107
980,1039
981,1742
981,1334
981,1221
981,1021
982,1874
982,1853
982,1835
982,1799
982,1721
982,1683
982,1622
982,1618
982,1595
982,1463
982,1398
982,1327
982,1130
983,1894
983,1846
983,1737
983,1685
983,1622
983,1551
983,1442
983,1361
983,1247
983,1124
983,1056
984,1569
984,1514
984,1324
984,1257
984,1143
985,1500
986,1748
986,1540
986,1492
986,1166
987,1533
987,1122
988,1807
988,1757
988,1598
988,1423
988,1402
988,1166
988,1054
989,1190
990,3320
990,3265
990,2999
990,2785
990,1800
991,1669
991,1603
991,1214
991,1181
992,1681
992,1037
993,1861
993,1829
993,1816
993,1602
993,1542
993,1261
993,1112
994,1840
994,1729
994,1709
994,1536
994,1420
994,1292
994,1229
994,1104
995,1652
995,1572
995,1556
995,1552
995,1491
995,1433
995,1420
995,1288
995,1222
995,1025
996,1317
997,1765
997,1710
997,1597
997,1530
997,1419
997,1405
997,1390
997,1239
997,1230
997,1182
997,1069
997,1063
997,1049
997,1003
998,1851
998,1572
998,1519
998,1491
999,1882
999,1563
999,1524
999,1519
999,1398
999,1393
999,1331
999,1265
999,1164
999,1047
999,1025
999,1001
1000,1310
1000,1225
1000,1037
1001,1723
1001,1659
1001,1549
1001,1532
1001,1485
1001,1475
1001,1392
1001,1303
1001,1143
1001,1102
1003,1897
1003,1813
1003,1796
1003,1753
1003,1713
1003,1512
1003,1492
1003,1407
1003,1243
1003,1201
1003,1128
1003,1029
1004,1771
1004,1679
1004,1561
1004,1528
1004,1470
1004,1143
1005,1595
1005,1418
1005,1258
1006,1863
1006,1595
1006,1535
1006,1532
1006,1329
1006,1267
1006,1152
1007,1844
1007,1576
1007,1436
1007,1282
1007,1099
1008,1214
1009,1682
1010,1636
1010,1628
1011,1738
1011,1681
1011,1633
1011,1569
1011,1496
1011,1366
1011,1303
1012,1736
1012,1714
1012,1669
1012,1580
1012,1539
1012,1086
1012,1023
1013,1686
1013,1387
1013,1297
1013,1259
1013,1212
1014,1487
1014,1479
1014,1425
1014,1120
1014,1115
1017,1807
1017,1753
1017,1711
1017,1637
1017,1559
1017,1365
1017,1182
1017,1142
1018,1587
1018,1448
1019,1781
1019,1706
1019,1638
1019,1022
1020,1740
1020,1709
1020,1426
1020,1183
1020,1170
1020,1152
1021,1613
1021,1611
1021,1414
1021,1291
1022,1827
1022,1823
1022,1103
1023,1517
1024,1874
1024,1845
1024,1811
1024,1761
1024,1757
1024,1735
1024,1730
1024,1463
1024,1274
1024,1219
1024,1198
1025,1891
1025,1864
1025,1677
1025,1663
1025,1637
1025,1428
1025,1413
1025,1236
1025,1179
1026,1807
1026,1774
1026,1335
1028,1902
1028,1891
1028,1753
1028,1707
1028,1669
1028,1335
1028,1123
1029,1941
1029,1860
1029,1771
1029,1734
1029,1717
1029,1705
1029,1619
1029,1554
1029,1527
1029,1360
1029,1156
1029,1091
1029,1048
1030,1851
1032,1881
1032,1598
1032,1557
1032,1095
1032,1093
1033,1618
1035,1845
1035,1599
1035,1258
1036,1867
1036,1853
1036,1600
1036,1522
1037,1778
1037,1453
1037,1396
1037,1354
1037,1217
1037,1060
1038,1746
1038,1199
1038,1058
1039,1907
1039,1818
1039,1621
1039,1614
1039,1572
1039,1470
1039,1375
1039,1361
1039,1351
1039,1250
1040,1833
1040,1610
1040,1538
1040,1523
1040,1491
1040,1280
1040,1164
1040,1160
1040,1126
1041,1355
1042,1284
1042,1279
1042,1258
1043,1265
1044,1475
1044,1404
1044,1192
1045,1726
1047,1849
1047,1600
1047,1590
1047,1271
1047,1125
1047,1049
1048,1907
1048,1881
1048,1821
1048,1809
1048,1689
1048,1632
1048,1480
1048,1445
1048,1405
1048,1335
1048,1256
1048,1184
1048,1160
1048,1092
1048,1088
1048,1078
1049,1883
1049,1539
1049,1289
1049,1185
1049,1135
1051,1907
1051,1829
1051,1815
1051,1786
1051,1768
1051,1704
1051,1672
1051,1643
1051,1462
1051,1382
1051,1294
1051,1256
1051,1117
1052,1909
1052,1904
1052,1884
1052,1845
1052,1832
1052,1658
1052,1623
1052,1349
1052,1315
1052,1269
1052,1222
1052,1060
1054,1888
1054,1617
1054,1334
1055,1480
1055,1339
1056,1888
1056,1778
1056,1746
1056,1574
1056,1557
1056,1542
1056,1525
1056,1416
1056,1126
1057,1108
1058,1256
1058,1185
1058,1172
1059,1861
1059,1722
1059,1614
1059,1480
1059,1258
1060,1873
1060,1761
1060,1739
1060,1694
1060,1608
1061,1705
1062,1807
1062,1658
1062,1454
1062,1334
1062,1312
1062,1177
1063,1800
1063,1626
1063,1563
1063,1516
1063,1470
1063,1467
1063,1267
1063,1211
1064,1857
1064,1768
1064,1646
1064,1525
1064,1374
1066,1728
1066,1533
1066,1526
1066,1446
1067,1565
1067,1412
1067,1375
1067,1210
1067,1170
1068,1774
1068,1741
1068,1734
1068,1639
1068,1535
1068,1429
1068,1416
1068,1229
1068,1083
1069,1804
1069,1547
1069,1492
1069,1491
1070,1872
1070,1844
1070,1790
1070,1687
1070,1526
1070,1502
1070,1391
1070,1378
1072,1188
1074,2372
1074,2196
1074,2135
1074,1823
1074,1765
1074,1741
1074,1544
1074,1497
1074,1367
1074,1290
1074,1198
1074,1164
1074,1114
1074,1110
1075,1860
1075,1735
1075,1703
1075,1679
1075,1624
1075,1612
1075,1598
1075,1538
1075,1470
1075,1456
1075,1399
1075,1163
1075,1156
1075,1132
1076,1846
1076,1832
1076,1571
1076,1439
1076,1370
1076,1293
1077,2567
1077,2502
1077,2461
1077,2189
1077,1948
1077,1078
1078,1659
1078,1611
1078,1570
1078,1480
1078,1298
1078,1294
1078,1205
1079,1853
1079,1775
1079,1706
1079,1580
1079,1563
1079,1483
1079,1303
1079,1302
1080,1783
1080,1773
1080,1559
1080,1504
1080,1212
1080,1114
1080,1083
1081,1910
1081,1706
1081,1373
1081,1215
1082,1790
1082,1662
1082,1492
1082,1406
1082,1221
1082,1115
1083,1874
1083,1774
1083,1700
1083,1675
1083,1644
1083,1508
1083,1409
1083,1401
1083,1365
1083,1349
1083,1269
1083,1123
1084,1467
1084,1377
1084,1171
1085,3880
1085,3861
1085,3722
1085,3667
1085,3600
1085,3591
1085,1172
1086,1911
1086,1795
1086,1580
1086,1527
1086,1479
1086,1417
1086,1415
1086,1371
1086,1205
1086,1170
1087,1849
1088,1853
1088,1847
1088,1630
1088,1554
1089,1699
1090,1597
1090,1415
1090,1168
1091,1821
1091,1608
1091,1192
1091,1165
1091,1126
1092,1861
1092,1819
1092,1813
1092,1675
1092,1604
1092,1572
1092,1522
1092,1335
1092,1207
1092,1181
1092,1128
1093,1591
1093,1449
1094,1665
1094,1606
1094,1172
1095,1812
1095,1768
1095,1617
1095,1436
1095,1304
1098,1588
1098,1410
1098,1136
1099,1704
1099,1257
1099,1242
1100,1818
1100,1807
1100,1729
1100,1489
1100,1313
1100,1215
1100,1183
1101,1754
1101,1458
1101,1331
1101,1156
1101,1124
1101,1116
1102,1781
1102,1745
1102,1706
1102,1703
1102,1366
1102,1296
1103,1423
1104,1907
1104,1844
1104,1153
1106,1855
1106,1768
1106,1623
1106,1536
1106,1412
1106,1183
1107,1658
1107,1653
1107,1636
1107,1570
1107,1543
1107,1377
1107,1376
1107,1323
1107,1173
1108,1608
1108,1190
1109,1866
1109,1343
1110,1842
1110,1616
1110,1613
1110,1608
1110,1570
1110,1519
1110,1310
1110,1283
1110,1239
1110,1214
1112,1816
1112,1793
1112,1730
1112,1538
1112,1447
1112,1388
1112,1369
1112,1341
1112,1198
1112,1149
1113,1730
1113,1671
1113,1545
1113,1179
1114,1870
1114,1816
1114,1793
1114,1776
1114,1757
1114,1621
1114,1620
1114,1591
1114,1557
1114,1399
1114,1335
1114,1198
1116,1909
1116,1874
1116,1810
1116,1757
1116,1723
1116,1712
1116,1660
1116,1565
1116,1256
1116,1250
1116,1205
1116,1191
1117,1734
1117,1643
1117,1632
1117,1612
1117,1542
1117,1526
1117,1427
1117,1352
1117,1151
1117,1122
1120,1894
1120,1783
1120,1569
1120,1230
1120,1176
1121,1818
1121,1807
1121,1357
1122,1839
1122,1663
1122,1643
1122,1630
1122,1502
1122,1370
1122,1316
1122,1302
1122,1294
1123,1849
1123,1822
1123,1742
1123,1562
1123,1217
1123,1149
1124,1668
1124,1652
1124,1620
1124,1549
1124,1547
1124,1528
1124,1409
1124,1318
1124,1269
1124,1132
1125,1768
1125,1420
1125,1343
1125,1214
1125,1164
1125,1156
1126,1911
1126,1864
1126,1791
1126,1419
1126,1266
1127,1862
1127,1432
1127,1281
1128,1723
1128,1569
1128,1456
1128,1380
1128,1293
1128,1278
1128,1250
1128,1201
1128,1182
1129,1881
1129,1500
1129,1436
1130,1783
1130,1699
1130,1599
1130,1285
1130,1196
1131,1649
1132,1852
1132,1637
1132,1429
1132,1146
1133,1839
1133,1717
1133,1666
1133,1604
1133,1457
1135,1839
1135,1697
1135,1616
1135,1554
1135,1461
1135,1449
1135,1401
1135,1263
1136,1579
1139,1903
1139,1310
1139,1282
1139,1159
1140,3164
1140,1701
1140,1193
1141,1787
1141,1745
1142,1807
1142,1723
1142,1490
1143,1786
1143,1574
1143,1539
1143,1444
1143,1382
1143,1358
1143,1242
1144,1713
1146,1536
1146,1530
1146,1473
1146,1469
1146,1370
1146,1369
1146,1312
1146,1247
1147,1543
1148,1515
1148,1373
1148,1273
1149,1818
1149,1809
1149,1447
1149,1411
1149,1329
1149,1291
1149,1217
1150,1908
1150,1707
1151,1610
1152,1873
1152,1725
1152,1589
1152,1298
1152,1199
1152,1166
1153,1897
1153,1873
1153,1724
1153,1643
1153,1618
1153,1571
1153,1509
1153,1473
1153,1385
1153,1340
1154,1453
1155,1891
1155,1750
1155,1716
1155,1520
1155,1256
1155,1191
1156,1877
1156,1843
1156,1737
1156,1699
1156,1651
1156,1565
1156,1535
1156,1516
1156,1501
1156,1344
1156,1237
1158,1904
1158,1875
1158,1812
1158,1282
1159,1897
1159,1770
1159,1733
1159,1658
1159,1600
1159,1364
1160,1883
1160,1836
1160,1724
1160,1718
1160,1653
1160,1623
1160,1537
1160,1439
1160,1434
1160,1305
1160,1293
1161,1788
1161,1458
1161,1359
1162,1757
1162,1272
1163,1793
1163,1741
1163,1678
1163,1670
1163,1597
1163,1576
1163,1417
1163,1377
1163,1298
1163,1209
1163,1187
1164,1909
1164,1902
1164,1827
1164,1702
1164,1662
1164,1564
1164,1385
1164,1367
1165,1864
1165,1528
1165,1256
1166,1859
1166,1635
1166,1459
1166,1311
1167,1894
1167,1807
1167,1725
1167,1582
1167,1306
1168,1296
1169,1541
1169,1472
1169,1436
1170,1884
1170,1453
1170,1426
1170,1355
1170,1246
1171,1813
1171,1793
1171,1525
1171,1509
1171,1391
1171,1390
1171,1323
1172,1845
1172,1771
1172,1737
1172,1734
1172,1623
1172,1523
1172,1504
1172,1263
1172,1180
1173,1877
1173,1782
1173,1291
1173,1185
1174,1325
1175,1908
1175,1882
1175,1807
1175,1793
1175,1656
1175,1604
1177,1798
1178,1835
1178,1593
1178,1528
1178,1460
1178,1283
1179,1853
1179,1807
1179,1732
1179,1723
1179,1695
1179,1621
1179,1575
1179,1570
1179,1437
1179,1409
1179,1329
1180,1715
1180,1706
1180,1530
1180,1512
1180,1487
1180,1422
1180,1409
1180,1401
1180,1256
1181,1907
1181,1864
1181,1679
1181,1393
1181,1341
1181,1331
1181,1222
1182,2399
1182,1898
1182,1877
1182,1872
1182,1845
1182,1809
1182,1692
1182,1621
1182,1460
1182,1456
1182,1418
1182,1388
1182,1341
1182,1330
1182,1285
1182,1278
1183,1767
1183,1725
1183,1484
1183,1415
1184,1765
1184,1718
1184,1699
1184,1604
1184,1566
1184,1422
1184,1377
1184,1327
1184,1230
1184,1222
1185,1832
1185,1779
1185,1569
1185,1497
1185,1473
1185,1427
1185,1382
1185,1361
1185,1230
1186,1260
1187,1480
1188,1629
1188,1309
1188,1306
1189,1686
1189,1470
1189,1443
1189,1231
1190,1848
1190,1790
1190,1728
1190,1549
1190,1392
1190,1309
1191,2336
1191,1907
1191,1858
1191,1846
1191,1836
1191,1717
1191,1702
1191,1680
1191,1674
1191,1661
1191,1556
1191,1509
1191,1483
1191,1405
1192,1878
1192,1727
1192,1539
1192,1404
1192,1222
1193,1860
1193,1305
1195,1885
1195,1864
1195,1816
1195,1795
1195,1707
1195,1685
1195,1609
1195,1485
1195,1388
1195,1344
1195,1341
1195,1335
1195,1323
1196,1898
1196,1723
1196,1717
1196,1620
1196,1532
1196,1389
1197,2475
1197,1889
1198,1734
1198,1572
1198,1473
1198,1436
1198,1334
1198,1214
1198,1201
1199,1897
1199,1513
1199,1440
1201,1665
1201,1613
1201,1554
1201,1547
1201,1522
1201,1509
1201,1374
1201,1365
1201,1209
1204,1703
1204,1638
1204,1497
1204,1396
1205,1911
1205,1882
1205,1547
1205,1528
1205,1527
1205,1390
1205,1321
1205,1243
1207,1757
1207,1595
1207,1367
1207,1239
1207,1214
1209,1861
1209,1731
1209,1565
1209,1553
1209,1408
1209,1237
1210,1884
1210,1475
1210,1371
1210,1322
1210,1273
1211,1881
1211,1871
1211,1646
1211,1470
1212,1879
1212,1538
1212,1519
1212,1389
1212,1271
1213,1504
1214,1746
1214,1683
1214,1665
1214,1610
1214,1542
1214,1435
1214,1247
1214,1228
1215,1862
1215,1857
1215,1638
1215,1597
1215,1379
1215,1227
1217,1840
1217,1833
1217,1742
1217,1565
1219,1819
1219,1600
1219,1456
1219,1327
1219,1323
1219,1272
1220,1522
1221,1771
1221,1661
1221,1595
1221,1464
1221,1413
1221,1347
1222,1773
1222,1752
1222,1724
1222,1699
1222,1679
1222,1665
1222,1539
1222,1491
1222,1488
1222,1460
1222,1422
1222,1339
1223,1885
1223,1800
1223,1678
1223,1289
1223,1237
1225,1881
1225,1492
1226,1745
1226,1624
1226,1609
1226,1529
1226,1444
1226,1366
1226,1247
1227,1848
1227,1767
1227,1725
1227,1699
1227,1595
1228,1766
1228,1464
1228,1358
1228,1303
1229,1423
1229,1309
1230,1816
1230,1436
1230,1273
1231,1828
1231,1503
1231,1377
1232,1892
1232,1784
1234,1472
1235,1886
1235,1639
1235,1425
1235,1382
1236,1904
1237,1795
1237,1720
1237,1670
1237,1524
1237,1475
1237,1376
1237,1341
1237,1291
1237,1272
1237,1245
1238,1911
1238,1878
1238,1799
1238,1761
1238,1724
1238,1643
1238,1622
1238,1523
1238,1401
1239,1737
1239,1678
1239,1668
1239,1622
1239,1369
1241,1894
1241,1584
1241,1497
1241,1376
1241,1306
1242,1826
1242,1791
1242,1697
1242,1643
1242,1639
1242,1551
1242,1535
1242,1336
1243,1736
1243,1561
1243,1547
1243,1527
1243,1526
1243,1495
1243,1491
1243,1457
1243,1373
1243,1358
1243,1321
1243,1291
1245,1877
1245,1819
1245,1379
1245,1318
1245,1304
1246,1744
1246,1729
1246,1427
1246,1294
1247,1736
1247,1732
1247,1691
1247,1599
1247,1596
1247,1471
1247,1464
1247,1391
1249,1496
1250,1821
1250,1807
1250,1772
1250,1626
1250,1538
1250,1528
1250,1329
1251,1534
1255,1736
1255,1658
1255,1469
1255,1453
1255,1285
1256,1751
1256,1491
1256,1416
1256,1318
1256,1316
1257,1638
1258,1491
1258,1344
1259,1553
1259,1277
1261,1596
1261,1472
1261,1462
1261,1427
1261,1408
1261,1381
1262,1768
1262,1765
1262,1652
1262,1522
1262,1334
1263,1702
1263,1594
1263,1539
1263,1399
1263,1390
1263,1347
1263,1340
1264,1373
1265,1851
1265,1683
1265,1623
1265,1530
1265,1405
1266,1842
1266,1540
1266,1480
1267,1853
1267,1769
1267,1763
1267,1660
1267,1632
1267,1614
1267,1470
1267,1323
1268,1446
1268,1275
1269,1902
1269,1883
1269,1595
1269,1447
1271,1835
1271,1754
1271,1680
1271,1626
1271,1622
1271,1618
1271,1576
1271,1542
1271,1536
1271,1388
1271,1376
1271,1293
1272,1617
1272,1614
1272,1542
1272,1487
1272,1398
1273,1837
1273,1680
1273,1662
1273,1479
1273,1375
1273,1298
1274,1579
1274,1491
1274,1388
1275,1727
1275,1334
1275,1333
1276,1752
1276,1674
1277,1823
1277,1723
1278,1885
1278,1655
1278,1632
1278,1590
1279,1436
1280,1901
1280,1836
1280,1789
1280,1497
1280,1389
1281,1785
1281,1694
1281,1448
1282,1899
1282,1592
1282,1345
1283,1835
1283,1816
1283,1685
1283,1447
1284,1830
1284,1592
1284,1448
1285,1520
1285,1352
1285,1331
1285,1302
1286,1716
1286,1638
1286,1515
1287,1734
1287,1675
1287,1622
1287,1613
1287,1599
1287,1435
1288,1617
1288,1599
1288,1597
1288,1553
1288,1516
1288,1435
1288,1417
1288,1345
1288,1329
1288,1323
1289,2567
1289,2039
1289,1902
1289,1717
1289,1553
1289,1416
1289,1359
1290,1863
1290,1836
1290,1736
1290,1714
1290,1646
1290,1553
1290,1538
1290,1535
1290,1341
1291,1900
1291,1860
1291,1799
1291,1735
1291,1724
1291,1669
1292,1816
1292,1320
1293,1750
1293,1572
1293,1391
1294,1804
1294,1391
1294,1369
1296,1536
1298,1524
1298,1425
1298,1318
1300,1682
1301,1563
1302,1529
1302,1512
1302,1483
1302,1442
1302,1407
1302,1330
1303,1638
1303,1565
1303,1423
1303,1391
1304,1575
1305,1771
1305,1736
1305,1616
1305,1605
1305,1556
1305,1456
1305,1405
1305,1351
1306,1910
1306,1815
1306,1604
1307,1518
1308,1584
1308,1469
1308,1435
1309,1692
1309,1366
1310,1748
1310,1575
1310,1529
1310,1364
1311,1864
1312,1689
1312,1609
1312,1530
1312,1484
1312,1471
1312,1436
1313,1910
1313,1569
1314,1648
1314,1630
1315,1862
1315,1392
1316,1899
1316,1861
1316,1565
1316,1451
1316,1379
1317,1793
1317,1782
1317,1774
1317,1485
1317,1407
1318,1901
1318,1842
1318,1751
1318,1707
1318,1595
1319,1536
1320,1894
1320,1592
1320,1408
1321,1782
1321,1663
1321,1617
1321,1485
1321,1477
1321,1329
1322,1543
1322,1412
1323,1707
1323,1651
1323,1390
1324,1907
1324,1870
1324,1692
1325,1588
1327,2199
1327,2143
1327,2031
1327,1955
1327,1758
1327,1637
1327,1559
1329,1789
1329,1741
1329,1341
1330,1911
1330,1626
1330,1538
1330,1457
1330,1375
1330,1341
1331,1877
1331,1811
1331,1771
1331,1444
1331,1384
1331,1357
1331,1337
1332,1829
1332,1778
1332,1694
1332,1584
1333,1724
1334,1883
1334,1842
1334,1770
1334,1691
1334,1659
1334,1547
1334,1532
1334,1345
1335,1718
1335,1660
1335,1644
1335,1458
1336,1902
1336,1874
1336,1799
1336,1589
1336,1457
1337,1825
1337,1613
1337,1605
1337,1584
1337,1555
1338,1827
1338,1595
1339,1863
1339,1535
1339,1436
1339,1402
1339,1393
1340,1911
1340,1678
1340,1656
1340,1519
1340,1435
1340,1420
1341,1867
1341,1754
1341,1643
1341,1606
1341,1529
1343,1891
1343,1794
1343,1703
1343,1671
1343,1608
1344,1823
1344,1718
1344,1522
1344,1483
1344,1469
1344,1420
1344,1365
1345,1594
1347,1862
1347,1655
1347,1412
1348,1643
1348,1418
1348,1355
1349,1694
1349,1591
1349,1583
1350,1765
1350,1650
1350,1526
1350,1454
1350,1429
1351,1771
1351,1625
1351,1539
1351,1509
1351,1393
1352,1832
1352,1512
1352,1422
1352,1388
1354,1507
1356,1901
1356,1872
1356,1862
1356,1671
1356,1404
1358,1709
1358,1608
1359,1886
1359,1518
1359,1471
1359,1375
1360,1684
1361,2336
1361,2144
1361,1772
1361,1771
1361,1735
1361,1725
1361,1513
1362,1815
1363,1424
1364,1515
1365,1849
1365,1750
1365,1688
1365,1614
1365,1520
1365,1375
1365,1369
1366,1750
1367,1619
1367,1538
1368,1896
1369,1816
1369,1782
1369,1674
1369,1665
1369,1623
1369,1534
1369,1477
1369,1379
1370,1830
1371,1685
1371,1608
1371,1500
1372,1487
1372,1443
1372,1425
1373,1848
1373,1720
1373,1682
1373,1473
1373,1374
1374,1813
1374,1772
1374,1768
1374,1721
1374,1720
1374,1479
1375,1811
1375,1639
1375,1551
1375,1547
1376,1868
1376,1820
1376,1660
1376,1598
1376,1501
1376,1439
1377,1877
1377,1789
1377,1679
1377,1542
1377,1484
1378,1803
1379,1413
1380,1845
1380,1835
1380,1827
1380,1757
1380,1750
1380,1724
1380,1641
1380,1528
1381,1841
1381,1812
1381,1786
1381,1596
1381,1595
1382,1887
1382,1872
1382,1591
1382,1569
1384,3205
1385,1612
1388,1843
1389,1829
1389,1750
1389,1741
1389,1487
1390,1606
1390,1393
1391,1857
1391,1847
1391,1734
1391,1623
1391,1617
1391,1573
1391,1542
1391,1437
1392,1592
1393,1832
1393,1827
1393,1669
1396,1636
1396,1587
1396,1541
1397,1771
1397,1720
1397,1690
1397,1688
1397,1675
1397,1610
1397,1595
1398,1849
1398,1780
1398,1614
1398,1561
1398,1420
1399,1908
1399,1901
1399,1775
1399,1765
1399,1724
1399,1566
1399,1529
1399,1524
1399,1405
1400,1897
1400,1768
1400,1766
1401,1911
1401,1879
1401,1683
1401,1622
1401,1588
1401,1557
1401,1535
1401,1409
1402,1905
1402,1891
1402,1771
1402,1710
1402,1563
1404,1871
1404,1839
1405,3378
1405,3240
1405,3120
1405,3062
1405,2760
1405,1897
1405,1721
1406,1884
1406,1791
1406,1661
1406,1611
1407,1791
1407,1711
1407,1612
1407,1610
1407,1572
1407,1409
1408,1724
1408,1720
1408,1710
1408,1630
1409,1902
1409,1881
1409,1846
1409,1823
1409,1619
1409,1484
1410,1445
1411,1714
1411,1491
1412,1907
1412,1794
1412,1759
1412,1643
1412,1541
1412,1508
1413,1473
1413,1459
1414,1682
1414,1495
1415,1727
1415,1574
1416,1878
1416,1864
1416,1668
1416,1625
1416,1602
1416,1437
1417,1835
1417,1789
1417,1764
1417,1622
1417,1614
1418,1873
1418,1718
1418,1436
1419,3082
1419,1626
1420,1702
1420,1547
1420,1519
1420,1517
1420,1487
1420,1447
1420,1427
1422,1827
1423,1625
1423,1569
1424,1761
1425,1910
1425,1686
1425,1604
1425,1496
1427,1895
1427,1885
1427,1750
1427,1667
1427,1543
1427,1481
1429,1699
1429,1504
1429,1497
1431,1911
1431,1894
1431,1795
1432,1873
1435,1826
1435,1730
1435,1612
1435,1610
1436,1720
1436,1714
1436,1696
1437,1863
1437,1528
1437,1456
1438,1907
1438,1824
1439,1836
1439,1714
1439,1639
1440,1804
1440,1737
1440,1554
1440,1539
1441,1559
1441,1484
1441,1483
1442,1813
1443,1551
1444,1671
1444,1631
1444,1591
1445,1780
1446,1876
1446,1844
1446,1709
1446,1543
1447,1846
1447,1653
1447,1617
1447,1600
1448,1869
1448,1569
1449,1900
1449,1722
1449,1683
1449,1618
1450,3287
1450,2903
1450,2684
1450,1717
1450,1689
1450,1608
1451,1876
1452,1663
1452,1567
1453,1585
1453,1557
1453,1456
1454,1709
1455,1628
1456,1786
1456,1683
1456,1639
1457,1849
1457,1675
1458,1851
1458,1843
1458,1839
1458,1772
1458,1688
1458,1661
1458,1656
1458,1604
1458,1584
1458,1520
1459,1764
1460,1813
1460,1656
1460,1540
1461,1826
1461,1705
1461,1554
1461,1535
1463,1528
1464,1512
1465,2590
1465,2495
1465,2468
1465,2392
1465,2330
1465,2240
1465,2177
1465,2164
1465,2150
1465,2124
1465,2109
1465,2026
1465,1908
1465,1679
1465,1603
1465,1513
1467,1911
1467,1898
1467,1864
1467,1849
1467,1794
1467,1724
1467,1699
1467,1668
1467,1570
1467,1544
1467,1530
1467,1527
1467,1471
1469,1881
1469,1877
1469,1807
1469,1729
1469,1571
1470,1810
1470,1795
1470,1651
1470,1643
1471,1900
1471,1861
1471,1846
1471,1782
1471,1727
1471,1487
1472,1619
1473,1835
1473,1819
1473,1810
1473,1683
1473,1488
1475,1844
1475,1729
1477,1484
1479,1616
1479,1483
1480,1597
1480,1564
1480,1553
1480,1520
1482,1748
1483,2543
1483,1874
1483,1775
1483,1771
1483,1757
1483,1717
1483,1612
1483,1608
1483,1563
1484,1852
1484,1846
1484,1843
1484,1772
1484,1643
1484,1521
1485,1800
1485,1750
1485,1574
1485,1539
1485,1512
1487,1766
1487,1761
1487,1616
1488,1799
1488,1590
1488,1513
1488,1501
1490,1842
1490,1709
1491,1894
1491,1863
1491,1816
1491,1805
1491,1779
1491,1765
1491,1722
1491,1604
1491,1554
1492,1551
1492,1513
1492,1504
1495,1872
1495,1720
1495,1638
1497,1901
1497,1898
1497,1876
1497,1853
1497,1694
1497,1662
1497,1653
1498,1805
1500,1812
1500,1663
1501,1891
1501,1852
1501,1670
1502,1699
1502,1540
1503,1813
1503,1738
1504,1658
1504,1636
1504,1565
1505,3379
1505,3277
1505,3182
1505,3161
1505,3111
1505,3038
1505,2727
1505,1721
1505,1555
1506,1881
1506,1696
1507,1812
1507,1756
1507,1727
1507,1634
1509,1910
1509,1843
1509,1821
1509,1775
1509,1632
1509,1542
1509,1538
1510,1744
1511,1665
1511,1641
1512,1658
1513,1867
1513,1806
1513,1769
1513,1707
1513,1652
1513,1603
1513,1598
1514,1654
1514,1595
1514,1573
1515,1695
1516,1524
1517,1626
1518,1804
1518,1789
1519,1858
1519,1800
1519,1530
1520,1902
1520,1741
1521,2111
1522,1867
1522,1779
1522,1726
1522,1696
1522,1641
1522,1619
1523,1703
1523,1610
1524,1846
1524,1727
1524,1622
1524,1551
1524,1547
1524,1540
1525,1778
1525,1768
1525,1766
1525,1654
1525,1635
1526,1695
1526,1683
1526,1649
1528,1886
1528,1698
1528,1659
1528,1643
1528,1597
1530,1799
1530,1717
1530,1619
1531,1746
1531,1541
1532,1754
1532,1685
1532,1668
1532,1535
1533,1709
1533,1685
1533,1583
1534,3327
1534,3171
1534,2753
1534,1702
1535,1823
1535,1805
1535,1742
1535,1702
1536,1842
1536,1625
1537,1804
1538,1761
1538,1659
1538,1622
1538,1598
1538,1566
1539,1737
1539,1646
1539,1643
1540,1835
1540,1811
1540,1752
1540,1608
1540,1570
1543,1876
1543,1795
1544,1665
1544,1577
1545,1875
1545,1728
1545,1611
1545,1566
1545,1549
1549,1893
1550,1873
1550,1767
1550,1582
1551,1908
1551,1848
1551,1799
1551,1598
1552,1799
1552,1761
1553,1810
1553,1676
1553,1643
1553,1594
1553,1574
1554,1804
1554,1783
1554,1685
1554,1611
1556,1741
1556,1727
1556,1650
1556,1591
1557,1874
1557,1846
1559,1911
1559,1878
1559,1846
1559,1671
1561,1836
1561,1610
1562,1669
1563,1819
1563,1685
1564,1613
1565,1772
1565,1662
1565,1583
1567,1662
1569,1867
1569,1721
1570,1849
1570,1619
1571,1845
1571,1767
1571,1717
1571,1590
1572,1844
1572,1736
1572,1700
1572,1683
1572,1613
1572,1612
1572,1604
1572,1584
1573,1700
1573,1668
1574,1906
1574,1746
1575,1867
1575,1734
1575,1720
1576,1859
1576,1739
1577,2572
1577,2525
1577,2400
1577,2348
1577,2322
1577,2287
1577,2243
1577,2212
1577,2084
1577,2023
1577,1963
1577,1930
1577,1861
1577,1752
1577,1656
1577,1637
1578,1729
1578,1682
1578,1590
1579,1774
1580,1819
1580,1782
1582,1857
1583,1893
1583,1882
1583,1662
1583,1661
1584,1911
1584,1805
1584,1734
1584,1688
1585,1911
1585,1805
1585,1675
1585,1668
1587,1875
1587,1870
1587,1638
1588,1819
1588,1787
1589,1724
1589,1710
1590,1868
1590,1829
1590,1628
1591,1682
1592,1812
1592,1729
1594,1772
1594,1752
1594,1621
1595,1850
1595,1691
1596,1787
1597,1768
1597,1757
1598,1810
1598,1779
1601,1692
1603,1858
1603,1771
1603,1605
1604,1718
1604,1712
1605,1814
1605,1752
1606,1809
1606,1783
1606,1730
1608,1883
1608,1619
1609,1879
1609,1779
1609,1687
1609,1617
1610,1779
1610,1735
1611,1786
1612,1863
1613,1745
1613,1731
1613,1651
1614,1905
1614,1843
1614,1836
1614,1712
1614,1653
1616,1848
1616,1800
1618,2267
1618,1948
1619,1891
1619,1867
1619,1753
1619,1735
1619,1724
1619,1652
1620,1870
1620,1851
1620,1811
1620,1733
1620,1702
1620,1673
1621,1754
1621,1646
1622,1725
1622,1656
1623,1849
1623,1741
1623,1710
1625,1827
1625,1727
1626,1734
1626,1669
1628,1789
1628,1728
1629,1681
1629,1648
1630,1869
1630,1801
1630,1785
1630,1768
1631,1899
1631,1842
1632,1891
1632,1741
1632,1675
1633,1873
1636,1872
1636,1655
1637,1883
1637,1800
1637,1711
1637,1699
1637,1679
1639,1861
1639,1842
1639,1809
1639,1707
1639,1689
1641,1800
1642,3415
1642,3386
1642,3187
1642,2949
1642,2813
1642,2692
1642,1863
1643,1876
1643,1688
1643,1685
1644,1894
1644,1891
1644,1817
1644,1807
1645,1828
1646,1861
1647,1766
1647,1739
1649,1682
1649,1680
1651,1780
1652,1843
1652,1780
1652,1741
1652,1729
1655,1727
1655,1692
1656,3274
1656,3222
1656,2958
1656,1866
1656,1858
1658,1842
1658,1702
1659,1808
1660,1850
1661,1807
1661,1727
1662,1821
1662,1761
1663,1863
1663,1792
1665,1860
1665,1827
1666,3191
1666,2833
1666,2747
1666,2719
1666,1858
1667,1871
1668,1813
1668,1741
1669,1826
1669,1769
1669,1699
1669,1689
1670,1883
1671,1897
1671,1882
1671,1750
1671,1744
1672,1910
1672,1809
1673,1881
1673,1876
1673,1800
1673,1763
1674,3331
1674,1909
1674,1859
1674,1843
1674,1818
1674,1754
1675,1884
1675,1772
1675,1723
1676,1719
1676,1678
1678,1874
1679,1845
1679,1824
1679,1741
1680,1781
1680,1694
1682,1742
1682,1704
1683,1712
1685,1868
1685,1853
1685,1757
1685,1714
1686,1783
1686,1725
1688,1833
1688,1772
1688,1741
1688,1707
1689,1898
1689,1718
1694,1885
1697,1842
1700,1835
1700,1717
1702,2259
1702,1926
1702,1835
1702,1811
1703,1871
1703,1809
1703,1765
1703,1706
1704,1848
1706,1755
1706,1738
1707,2629
1707,1877
1707,1821
1707,1780
1709,1871
1709,1762
1711,1827
1711,1730
1712,1901
1712,1819
1714,1758
1715,1754
1716,1732
1717,1836
1717,1761
1718,2615
1718,2605
1718,2594
1718,2560
1718,2559
1718,2540
1718,2537
1718,2501
1718,2495
1718,2480
1718,2473
1718,2424
1718,2389
1718,2376
1718,2351
1718,2293
1718,2191
1718,2088
1718,1935
1718,1816
1718,1814
1719,1813
1721,1916
1721,1810
1721,1774
1721,1735
1722,1891
1722,1863
1722,1750
1722,1746
1723,1805
1724,1853
1724,1789
1724,1753
1725,1840
1725,1812
1725,1732
1726,3145
1726,2718
1726,1861
1726,1750
1727,1835
1728,1807
1729,1885
1729,1853
1730,1905
1730,1795
1734,1881
1735,1819
1735,1793
1735,1790
1736,1897
1736,1883
1737,1911
1737,1795
1738,1804
1741,1796
1742,1906
1742,1887
1742,1862
1742,1745
1743,1778
1746,1864
1746,1846
1746,1829
1749,1899
1751,1868
1752,1791
1752,1779
1753,1867
1754,1771
1757,1853
1757,1844
1757,1769
1758,3079
1758,1861
1761,1902
1761,1828
1761,1771
1763,1907
1765,1898
1768,1870
1768,1810
1770,1899
1770,1884
1772,1827
1774,1856
1774,1849
1774,1797
1778,1841
1778,1783
1779,1888
1780,2475
1780,1845
1780,1782
1785,1893
1786,1903
1791,2629
1791,1883
1791,1852
1793,1811
1794,1907
1794,1896
1794,1878
1795,1845
1799,1871
1806,1861
1807,1857
1807,1850
1809,1861
1810,1863
1811,1843
1812,1907
1812,1885
1813,1886
1814,1901
1816,1858
1816,1851
1818,1824
1819,1876
1819,1864
1820,1876
1823,1890
1833,1906
1835,1900
1836,1845
1837,1892
1839,1905
1842,1851
1843,1881
1844,1864
1845,1888
1846,1858
1852,1909
1861,1867
1863,2111
1867,1879
1867,1868
1868,1879
1879,1907
1879,1886
1885,1909
1898,1907
1902,1909
1913,2415
1913,2220
1913,2125
1913,1987
1914,2377
1914,2014
1914,1958
1915,2236
1916,2653
1916,2631
1916,2542
1916,2514
1916,2386
1916,2374
1916,2352
1916,2346
1916,2252
1916,2138
1916,2068
1916,1995
1917,2603
1917,2501
1917,2451
1917,2384
1917,2333
1917,2279
1917,2199
1917,2075
1917,2039
1917,2019
1917,1923
1918,2572
1918,2508
1918,2394
1918,2363
1918,2254
1918,2250
1918,2226
1918,2143
1918,2060
1918,2053
1918,1942
1919,2629
1919,2592
1919,2310
1919,2222
1919,1994
1920,2627
1920,2625
1920,2449
1920,2410
1920,2264
1920,2243
1920,2229
1920,2136
1920,2124
1920,2026
1920,2002
1920,1982
1920,1969
1921,2588
1921,2225
1921,2203
1921,1995
1921,1994
1921,1987
1922,2230
1922,2173
1922,1960
1923,2510
1923,2327
1923,2287
1923,2253
1923,2166
1923,2157
1924,2464
1924,2380
1924,2194
1924,2161
1925,2591
1925,2589
1925,2469
1925,2462
1925,2392
1925,2363
1925,2280
1925,2224
1925,1982
1925,1948
1926,2592
1926,2524
1926,2500
1926,2392
1926,2272
1926,2217
1926,2210
1926,2088
1926,2004
1927,2417
1929,2547
1929,2543
1929,2499
1929,2495
1929,2315
1929,2302
1929,2189
1929,2138
1929,2117
1929,1982
1929,1932
1930,2431
1930,2351
1930,2311
1930,2144
1930,2051
1931,2607
1931,2603
1931,2050
1932,2600
1932,2378
1932,2198
1932,2174
1932,2110
1932,2053
1932,1979
1933,2567
1933,2405
1933,2277
1933,2232
1934,2384
1934,2047
1935,2629
1935,2617
1935,2018
1936,2468
1936,2236
1938,2508
1938,2491
1938,2416
1938,2254
1938,2224
1938,2128
1939,2557
1939,2420
1939,2395
1939,2359
1939,2338
1939,2202
1939,2128
1939,2082
1939,2024
1939,2002
1939,1985
1940,2654
1940,2586
1940,2584
1940,2551
1940,2510
1940,2458
1940,2430
1940,2410
1940,2385
1940,2275
1940,2273
1940,2235
1940,2131
1940,1999
1941,2576
1941,2529
1941,2501
1941,2425
1941,2243
1941,2179
1941,2069
1942,2536
1942,2460
1942,2180
1942,2115
1942,2093
1942,1943
1943,2480
1943,2466
1943,2250
1943,2116
1944,2578
1944,2429
1944,2275
1944,2267
1944,2003
1944,1945
1945,2630
1945,2415
1945,2356
1945,2205
1945,2154
1945,2141
1945,2088
1945,2006
1946,2571
1946,2553
1946,2451
1946,2254
1946,2128
1947,2640
1947,2620
1947,2599
1947,2543
1947,2324
1947,2242
1947,2224
1947,2202
1947,2191
1947,2177
1947,2116
1948,2615
1948,2529
1948,2474
1948,2458
1948,2392
1948,2367
1948,2186
1948,2098
1948,2065
1948,1993
1948,1987
1949,2129
1949,2070
1949,2031
1950,2144
1951,2400
1951,2283
1952,2381
1952,2356
1952,2313
1952,2293
1952,2240
1952,2239
1952,2199
1952,2143
1952,2054
1953,2649
1953,2576
1953,2552
1953,2539
1953,2506
1953,2427
1953,2404
1953,2350
1953,2233
1953,2109
1953,2047
1953,2029
1954,2648
1954,2537
1954,2512
1954,2495
1954,2337
1954,2330
1954,2285
1954,2278
1954,2198
1954,2139
1954,2071
1954,2064
1954,2028
1955,2603
1955,2574
1955,2434
1955,2429
1955,2392
1955,2387
1955,2249
1955,2237
1955,2196
1955,2184
1955,2096
1955,2003
1958,2321
1958,2192
1959,2643
1959,2637
1959,2464
1959,2430
1959,2340
1959,2189
1959,2045
1959,2029
1960,2419
1960,2384
1960,2333
1961,2427
1961,2239
1961,2187
1961,2185
1961,2183
1962,2653
1962,2631
1962,2533
1962,2465
1962,2087
1962,2072
1962,2044
1963,2593
1963,2491
1963,2463
1963,2392
1963,2363
1963,2336
1963,2313
1963,2271
1963,2165
1963,2150
1963,2136
1963,2068
1964,2643
1964,2434
1964,2330
1964,2315
1964,2235
1964,2199
1964,2155
1964,1991
1965,2599
1965,2498
1965,2228
1965,2087
1966,2329
1966,2289
1966,2046
1968,2192
1969,2631
1969,2629
1969,2154
1969,2128
1970,2418
1970,2381
1970,2322
1970,2304
1970,2297
1970,2223
1970,2128
1970,2127
1970,2033
1970,1972
1971,2568
1971,2446
1971,2126
1971,2092
1971,2081
1971,2071
1972,2282
1972,2187
1972,2174
1972,2173
1973,2458
1973,2368
1973,2165
1973,2149
1974,2315
1975,2566
1975,2358
1975,2196
1975,2127
1975,1978
1976,2629
1976,2616
1976,2610
1976,2420
1976,2222
1978,2496
1978,2325
1979,2529
1979,2468
1979,2459
1979,2319
1979,2191
1979,2135
1979,2109
1980,2384
1980,2264
1980,2231
1980,2153
1980,2039
1981,2649
1981,2516
1981,2512
1981,2318
1981,2293
1981,2275
1981,2257
1981,2169
1981,2046
1982,2510
1982,2433
1982,2147
1982,2078
1982,2054
1983,2485
1983,2462
1983,2449
1983,2445
1983,2351
1983,2328
1983,2327
1983,2285
1983,2264
1983,2143
1983,2101
1983,2031
1984,2649
1984,2572
1984,2554
1984,2510
1984,2300
1984,2280
1984,2247
1984,2173
1984,2056
1985,2649
1985,2496
1985,2328
1985,2176
1986,2302
1987,2649
1987,2608
1987,2491
1987,2480
1987,2409
1987,2306
1987,2206
1987,2193
1987,2189
1988,2597
1988,2032
1989,2560
1989,2467
1989,2351
1989,2344
1989,2336
1989,2242
1989,2109
1989,2093
1989,2073
1989,2021
1989,2003
1990,2316
1990,2287
1990,2102
1991,2368
1991,2141
1993,2606
1993,2588
1993,2585
1993,2442
1993,2436
1993,2313
1993,2280
1993,2187
1993,2068
1993,2055
1993,2002
1994,2642
1994,2604
1994,2602
1994,2471
1994,2429
1994,2407
1994,2381
1994,2361
1994,2328
1994,2307
1994,2293
1994,2285
1994,2165
1994,2161
1994,2137
1994,2134
1994,2128
1995,2389
1995,2319
1995,2187
1995,2128
1995,2087
1995,2057
1997,2579
1997,2539
1997,2482
1997,2307
1997,2147
1997,2019
1999,2226
1999,2159
1999,2068
1999,2024
1999,2010
2001,2014
2002,2631
2002,2607
2002,2480
2002,2363
2002,2354
2002,2343
2002,2302
2002,2116
2003,2617
2003,2571
2003,2547
2003,2489
2003,2460
2003,2443
2003,2336
2003,2298
2003,2295
2003,2125
2003,2071
2004,2652
2004,2594
2004,2328
2004,2143
2004,2137
2004,2133
2004,2057
2004,2053
2005,2629
2005,2591
2005,2462
2005,2443
2005,2343
2005,2215
2005,2203
2005,2165
2005,2154
2005,2081
2006,2538
2006,2330
2006,2135
2007,2654
2007,2630
2007,2579
2007,2540
2007,2529
2007,2522
2007,2370
2007,2334
2007,2295
2007,2261
2007,2243
2007,2216
2007,2186
2007,2121
2007,2074
2007,2033
2008,2145
2009,2639
2009,2636
2009,2600
2009,2501
2009,2292
2009,2192
2009,2103
2009,2016
2010,2573
2010,2473
2010,2451
2010,2372
2010,2359
2010,2332
2010,2285
2010,2142
2010,2140
2011,2647
2012,2498
2012,2319
2012,2128
2013,2538
2013,2099
2013,2081
2013,2027
2014,2365
2014,2024
2016,2268
2016,2091
2018,2261
2018,2149
2018,2143
2018,2127
2019,2586
2019,2532
2019,2086
2019,2060
2020,2584
2020,2574
2020,2336
2020,2144
2021,2638
2021,2573
2021,2549
2021,2507
2021,2506
2021,2499
2021,2477
2021,2381
2021,2310
2021,2248
2021,2220
2021,2134
2021,2133
2021,2088
2022,2623
2022,2187
2023,2642
2023,2523
2023,2420
2023,2249
2023,2126
2023,2107
2023,2102
2023,2072
2023,2038
2024,2597
2024,2509
2024,2377
2024,2332
2024,2285
2024,2174
2025,2459
2026,2294
2026,2273
2026,2184
2026,2175
2026,2140
2026,2084
2027,2198
2028,2635
2028,2540
2028,2411
2028,2395
2028,2307
2028,2104
2028,2077
2029,2510
2029,2425
2029,2415
2029,2368
2029,2309
2029,2293
2029,2266
2029,2243
2029,2203
2030,2622
2030,2598
2030,2386
2030,2102
2031,2649
2031,2609
2031,2347
2031,2345
2031,2344
2031,2054
2032,2364
2032,2303
2032,2288
2032,2219
2033,2563
2033,2488
2033,2485
2033,2476
2033,2473
2033,2328
2033,2315
2033,2303
2033,2295
2033,2239
2034,2456
2035,2644
2035,2260
2035,2160
2035,2119
2035,2114
2036,2522
2036,2501
2036,2325
2036,2048
2037,2473
2037,2445
2037,2392
2037,2215
2037,2093
2038,2603
2038,2552
2038,2539
2038,2499
2038,2461
2038,2392
2038,2390
2038,2193
2038,2110
2039,2419
2039,2410
2039,2323
2039,2313
2039,2277
2039,2249
2039,2162
2039,2155
2040,2598
2040,2584
2040,2492
2040,2491
2040,2356
2040,2350
2040,2257
2040,2246
2040,2203
2041,2541
2041,2080
2042,2419
2042,2334
2042,2330
2042,2276
2042,2238
2042,2109
2042,2065
2043,2486
2043,2384
2043,2344
2043,2332
2043,2257
2043,2224
2043,2196
2043,2111
2043,2083
2043,2065
2044,2655
2044,2593
2044,2539
2044,2526
2044,2469
2044,2409
2044,2396
2044,2332
2044,2280
2044,2272
2044,2179
2044,2109
2045,2473
2045,2465
2045,2223
2045,2151
2045,2071
2046,2643
2046,2576
2046,2486
2046,2469
2046,2392
2046,2386
2046,2385
2046,2311
2046,2308
2046,2300
2046,2261
2046,2148
2047,2561
2047,2443
2047,2395
2047,2352
2047,2343
2047,2235
2047,2216
2047,2091
2048,2654
2048,2509
2048,2472
2048,2410
2048,2294
2048,2145
2049,2624
2049,2129
2051,2260
2052,2623
2052,2586
2052,2571
2052,2531
2052,2474
2052,2331
2052,2293
2052,2233
2053,2576
2053,2560
2053,2554
2053,2500
2053,2305
2053,2155
2053,2136
2054,2607
2054,2536
2054,2433
2054,2403
2054,2305
2054,2258
2054,2257
2054,2085
2055,2551
2055,2495
2055,2354
2055,2176
2055,2143
2055,2139
2055,2112
2056,2546
2056,2521
2056,2392
2056,2261
2056,2149
2056,2081
2057,2624
2057,2546
2057,2400
2057,2344
2057,2318
2057,2312
2057,2264
2058,2561
2058,2506
2058,2489
2059,2613
2059,2393
2059,2243
2059,2203
2059,2136
2060,2604
2060,2586
2060,2576
2060,2477
2060,2386
2060,2347
2060,2334
2060,2313
2060,2283
2060,2279
2060,2268
2060,2194
2060,2169
2062,2620
2062,2593
2062,2485
2062,2468
2062,2427
2062,2413
2062,2356
2062,2254
2062,2234
2062,2215
2062,2211
2062,2087
2062,2086
2062,2071
2063,2567
2063,2563
2063,2559
2063,2555
2063,2449
2063,2436
2063,2393
2063,2280
2064,2579
2064,2512
2064,2454
2064,2415
2064,2315
2064,2313
2064,2187
2064,2072
2065,2643
2065,2624
2065,2617
2065,2609
2065,2590
2065,2395
2065,2350
2065,2293
2065,2124
2065,2073
2066,2656
2066,2406
2066,2384
2066,2182
2066,2163
2066,2102
2067,2622
2067,2465
2067,2461
2067,2369
2068,2519
2068,2517
2068,2474
2068,2453
2068,2112
2069,2594
2069,2475
2069,2442
2069,2417
2069,2394
2069,2392
2069,2329
2069,2311
2069,2296
2069,2221
2069,2214
2069,2211
2069,2165
2069,2134
2069,2128
2071,2638
2071,2557
2071,2478
2071,2358
2071,2357
2071,2339
2071,2257
2071,2088
2072,2485
2072,2478
2072,2413
2072,2383
2072,2302
2072,2112
2073,2653
2073,2622
2073,2536
2073,2496
2073,2343
2073,2232
2073,2115
2073,2085
2074,2622
2074,2561
2074,2530
2074,2463
2074,2393
2074,2169
2075,2637
2075,2611
2075,2564
2075,2560
2075,2372
2075,2135
2077,2641
2077,2449
2077,2438
2077,2363
2077,2273
2077,2213
2077,2194
2077,2098
2078,2641
2078,2529
2078,2379
2078,2294
2078,2252
2078,2087
2080,2129
2080,2091
2081,2624
2081,2329
2081,2242
2081,2219
2081,2218
2081,2169
2081,2145
2081,2140
2082,2148
2083,2594
2083,2576
2083,2546
2083,2476
2083,2187
2083,2143
2083,2135
2083,2132
2084,2438
2084,2322
2084,2298
2084,2151
2085,2652
2085,2580
2085,2283
2085,2259
2085,2205
2086,2518
2086,2377
2086,2367
2086,2241
2086,2237
2086,2108
2087,2599
2087,2568
2087,2566
2087,2467
2087,2409
2087,2342
2087,2334
2087,2231
2087,2210
2087,2186
2087,2141
2087,2099
2088,2490
2088,2293
2088,2215
2088,2127
2089,2542
2089,2455
2089,2301
2090,2473
2090,2138
2091,2577
2091,2523
2091,2425
2091,2248
2091,2215
2091,2181
2091,2138
2092,2654
2092,2631
2092,2615
2092,2579
2092,2563
2092,2308
2092,2282
2093,2653
2093,2547
2093,2458
2093,2445
2093,2407
2093,2387
2093,2140
2095,2617
2095,2608
2095,2575
2095,2522
2095,2425
2095,2307
2095,2287
2095,2272
2095,2234
2096,2643
2096,2586
2096,2530
2096,2502
2096,2315
2096,2280
2096,2218
2096,2148
2097,2365
2098,2564
2098,2532
2098,2509
2098,2445
2098,2377
2098,2276
2099,2617
2099,2609
2099,2607
2099,2530
2099,2317
2099,2117
2099,2107
2099,2101
2101,2476
2101,2460
2101,2398
2101,2319
2101,2257
2101,2119
2102,2593
2102,2583
2102,2415
2102,2378
2102,2330
2102,2296
2102,2287
2102,2274
2102,2225
2102,2124
2102,2110
2103,2554
2103,2458
2103,2429
2103,2328
2103,2262
2103,2148
2104,2552
2104,2498
2104,2475
2104,2343
2107,2247
2107,2114
2108,2598
2108,2491
2108,2330
2109,2623
2109,2591
2109,2315
2109,2253
2109,2111
2110,2592
2110,2547
2110,2381
2110,2298
2110,2117
2111,2606
2111,2559
2111,2538
2111,2460
2111,2304
2111,2209
2111,2140
2111,2137
2112,2591
2112,2469
2112,2288
2112,2169
2112,2132
2112,2118
2113,2656
2114,2523
2114,2474
2114,2132
2115,2504
2115,2410
2115,2385
2115,2300
2116,2658
2116,2626
2116,2321
2116,2302
2116,2174
2116,2165
2117,2587
2117,2566
2117,2560
2117,2511
2117,2459
2117,2396
2117,2376
2117,2361
2117,2307
2117,2290
2117,2252
2117,2164
2117,2150
2118,2649
2118,2465
2118,2406
2118,2126
2119,2491
2120,2530
2120,2166
2121,2649
2121,2538
2121,2533
2121,2495
2121,2452
2121,2419
2121,2386
2121,2305
2121,2272
2121,2165
2122,2654
2122,2589
2122,2579
2122,2572
2122,2176
2123,2454
2123,2423
2123,2214
2123,2199
2124,2546
2124,2510
2124,2383
2124,2332
2124,2176
2124,2137
2125,2593
2125,2558
2125,2522
2125,2517
2125,2479
2125,2342
2125,2318
2126,2497
2126,2275
2126,2247
2127,2640
2127,2459
2127,2408
2127,2387
2127,2230
2127,2173
2128,2660
2128,2635
2128,2526
2128,2507
2128,2471
2128,2443
2128,2433
2128,2427
2128,2425
2128,2401
2128,2394
2129,2558
2129,2316
2130,2436
2130,2314
2131,2524
2131,2491
2131,2438
2131,2394
2131,2338
2131,2247
2132,2516
2132,2482
2132,2216
2132,2172
2133,2552
2133,2519
2133,2488
2133,2472
2133,2432
2133,2396
2133,2347
2133,2309
2133,2259
2133,2157
2134,2484
2134,2469
2134,2394
2134,2261
2134,2257
2134,2186
2134,2137
2135,2623
2135,2574
2135,2534
2135,2473
2135,2289
2135,2198
2135,2179
2136,2622
2136,2613
2136,2600
2136,2554
2136,2529
2136,2508
2136,2392
2136,2381
2136,2348
2136,2285
2136,2246
2137,2649
2137,2623
2137,2616
2137,2496
2137,2393
2137,2350
2137,2332
2137,2295
2137,2226
2137,2149
2138,2590
2138,2538
2138,2329
2138,2299
2138,2276
2138,2201
2138,2193
2138,2175
2138,2157
2138,2142
2139,2429
2139,2186
2140,2533
2140,2501
2140,2445
2140,2418
2140,2406
2140,2294
2140,2239
2141,2332
2142,2571
2142,2401
2142,2341
2143,2594
2143,2573
2143,2546
2143,2462
2143,2458
2143,2352
2143,2350
2143,2248
2143,2213
2143,2171
2144,2652
2144,2623
2144,2539
2144,2475
2144,2453
2144,2393
2144,2364
2144,2335
2144,2327
2144,2297
2144,2180
2144,2149
2145,2557
2145,2549
2145,2376
2145,2318
2145,2209
2145,2183
2145,2149
2146,2251
2146,2236
2147,2574
2147,2536
2147,2460
2147,2436
2147,2332
2147,2319
2147,2308
2147,2213
2147,2148
2148,2642
2148,2636
2148,2631
2148,2432
2148,2404
2148,2177
2148,2155
2149,2554
2149,2415
2149,2404
2149,2387
2149,2377
2149,2327
2149,2211
2149,2197
2150,2635
2150,2603
2150,2491
2150,2367
2150,2223
2151,2521
2151,2517
2151,2430
2151,2309
2152,2315
2153,2549
2153,2522
2153,2504
2153,2467
2153,2357
2153,2339
2153,2299
2153,2280
2153,2242
2153,2186
2154,2631
2154,2576
2154,2208
2155,2612
2155,2519
2155,2490
2155,2330
2155,2234
2155,2229
2156,2317
2157,2440
2158,2260
2160,2321
2161,2488
2161,2372
2161,2307
2162,2612
2163,2575
2163,2511
2163,2509
2163,2506
2163,2473
2163,2290
2163,2278
2163,2253
2164,2597
2164,2556
2164,2519
2164,2491
2164,2387
2164,2354
2164,2295
2165,2646
2165,2597
2165,2434
2165,2430
2165,2398
2165,2370
2165,2292
2166,2589
2169,2599
2169,2533
2169,2355
2169,2275
2169,2193
2169,2192
2170,2515
2170,2395
2171,2369
2171,2333
2171,2247
2172,2603
2172,2463
2172,2332
2172,2306
2172,2303
2173,2336
2173,2333
2173,2329
2173,2231
2173,2223
2173,2176
2174,2642
2174,2494
2174,2400
2174,2366
2174,2339
2174,2333
2174,2318
2174,2298
2174,2266
2174,2258
2174,2232
2175,2394
2175,2272
2176,2607
2176,2579
2176,2534
2176,2533
2176,2521
2176,2399
2176,2257
2176,2201
2177,2530
2177,2368
2177,2280
2179,2559
2179,2512
2179,2482
2179,2386
2180,2612
2180,2459
2180,2430
2180,2331
2180,2273
2181,2289
2183,2652
2183,2604
2183,2427
2183,2413
2183,2375
2183,2339
2183,2296
2183,2256
2183,2222
2184,2501
2184,2394
2184,2328
2184,2232
2185,2345
2185,2272
2185,2265
2185,2191
2186,2638
2186,2610
2186,2488
2186,2226
2187,2509
2187,2366
2187,2303
2187,2242
2188,2591
2189,2606
2189,2445
2189,2335
2189,2304
2189,2274
2189,2214
2189,2211
2190,2511
2190,2477
2190,2379
2190,2306
2190,2242
2190,2199
2191,2640
2191,2552
2191,2501
2191,2271
2191,2239
2191,2215
2192,2636
2192,2264
2192,2199
2193,2420
2194,2574
2194,2305
2194,2286
2194,2226
2196,2649
2196,2628
2196,2615
2196,2571
2196,2560
2196,2559
2196,2539
2196,2353
2196,2339
2196,2220
2196,2205
2197,2438
2197,2297
2198,2640
2198,2582
2198,2514
2198,2504
2198,2358
2199,2611
2199,2600
2199,2563
2199,2522
2199,2418
2199,2331
2199,2329
2199,2233
2199,2230
2199,2210
2200,2606
2200,2547
2200,2474
2200,2368
2200,2223
2201,2566
2201,2518
2201,2429
2201,2333
2201,2291
2201,2287
2201,2273
2202,2241
2203,2558
2203,2499
2203,2387
2203,2383
2203,2367
2205,2553
2205,2519
2205,2456
2205,2368
2205,2224
2206,2519
2207,2619
2207,2469
2207,2414
2207,2381
2208,2467
2208,2416
2208,2352
2208,2332
2208,2331
2208,2273
2208,2259
2209,2603
2209,2379
2209,2291
2210,2553
2210,2370
2210,2352
2210,2295
2210,2291
2210,2280
2210,2276
2210,2259
2210,2225
2211,2589
2211,2347
2211,2280
2211,2273
2211,2267
2211,2240
2211,2220
2212,2518
2212,2387
2212,2351
2212,2232
2213,2591
2213,2473
2213,2463
2213,2449
2213,2440
2213,2345
2213,2344
2213,2329
2213,2307
2213,2258
2214,2651
2214,2610
2214,2588
2214,2458
2214,2395
2214,2300
2214,2280
2214,2230
2215,2630
2215,2588
2215,2558
2215,2553
2215,2525
2215,2471
2215,2462
2215,2460
2215,2379
2215,2332
2215,2288
2216,2336
2216,2294
2216,2247
2216,2234
2217,2642
2218,2530
2218,2472
2218,2280
2218,2257
2218,2223
2220,2502
2220,2499
2220,2490
2220,2476
2220,2394
2220,2279
2221,2617
2221,2542
2222,2605
2222,2567
2222,2543
2222,2463
2222,2336
2222,2282
2223,2593
2223,2579
2223,2554
2223,2537
2223,2406
2223,2400
2223,2392
2223,2369
2223,2355
2223,2302
2223,2298
2223,2247
2223,2239
2224,2546
2224,2529
2224,2474
2224,2413
2224,2408
2225,2598
2225,2582
2225,2538
2225,2367
2226,2542
2226,2372
2226,2324
2226,2259
2227,2608
2227,2251
2228,2652
2228,2617
2228,2236
2229,2394
2229,2258
2230,2540
2230,2511
2230,2263
2231,2627
2231,2362
2231,2282
2232,2567
2232,2341
2232,2295
2232,2236
2233,2589
2233,2581
2233,2368
2233,2355
2233,2327
2233,2293
2233,2234
2234,2605
2234,2543
2234,2464
2234,2329
2234,2328
2234,2299
2234,2292
2235,2604
2235,2467
2235,2429
2235,2293
2236,2612
2236,2452
2237,2563
2237,2506
2237,2478
2237,2449
2237,2445
2237,2311
2237,2271
2238,2656
2239,2617
2239,2604
2239,2389
2239,2369
2240,2592
2240,2420
2240,2384
2240,2345
2240,2303
2240,2267
2241,2573
2241,2473
2241,2280
2242,2624
2242,2551
2242,2539
2242,2450
2242,2419
2242,2377
2242,2343
2242,2276
2243,2635
2243,2553
2243,2524
2243,2467
2244,2478
2244,2465
2246,2581
2246,2502
2246,2451
2246,2433
2246,2330
2246,2287
2247,2630
2247,2536
2247,2533
2247,2325
2248,2403
2248,2394
2248,2371
2249,2520
2249,2419
2249,2416
2249,2369
2249,2366
2249,2344
2249,2333
2250,2605
2250,2590
2250,2477
2250,2420
2250,2417
2250,2369
2250,2353
2250,2282
2250,2267
2252,2649
2252,2501
2252,2423
2252,2420
2253,2574
2253,2389
2253,2387
2253,2381
2253,2362
2254,2632
2254,2577
2254,2418
2254,2338
2254,2335
2256,2488
2257,2608
2257,2600
2257,2572
2257,2499
2257,2460
2257,2445
2257,2280
2258,2653
2258,2555
2258,2414
2258,2407
2258,2309
2259,2625
2259,2550
2259,2486
2259,2446
2259,2428
2259,2378
2259,2300
2259,2285
2260,2582
2260,2447
2261,2582
2261,2446
2262,2584
2263,2317
2264,2582
2264,2555
2264,2362
2264,2352
2265,2294
2265,2282
2266,2398
2267,2612
2267,2533
2267,2507
2267,2501
2268,2585
2268,2415
2268,2381
2268,2351
2268,2287
2270,2629
2270,2511
2271,2600
2271,2506
2271,2449
2271,2419
2271,2417
2271,2389
2271,2293
2271,2282
2272,2580
2272,2370
2272,2277
2273,2628
2273,2510
2273,2414
2273,2288
2273,2280
2273,2279
2274,2544
2275,2642
2275,2576
2275,2468
2275,2372
2276,2486
2276,2471
2277,2592
2277,2589
2277,2372
2278,2643
2278,2512
2278,2479
2278,2467
2278,2355
2278,2334
2278,2315
2278,2311
2278,2295
2279,2635
2279,2615
2279,2554
2279,2549
2279,2433
2279,2387
2279,2331
2279,2326
2279,2295
2280,2615
2280,2600
2280,2568
2280,2560
2280,2559
2280,2419
2280,2403
2282,2646
2282,2573
2282,2423
2282,2417
2282,2397
2283,2469
2283,2345
2283,2309
2284,2642
2284,2617
2284,2463
2284,2357
2285,2566
2285,2325
2287,2598
2288,2638
2288,2606
2288,2554
2288,2510
2288,2509
2288,2438
2288,2387
2289,2606
2289,2591
2289,2584
2289,2389
2290,2473
2290,2367
2290,2319
2291,2491
2291,2294
2292,2652
2292,2625
2292,2583
2292,2579
2292,2529
2292,2476
2292,2376
2292,2350
2293,2544
2293,2506
2293,2501
2293,2485
2293,2451
2293,2394
2293,2392
2294,2605
2294,2590
2295,2598
2295,2399
2295,2336
2296,2531
2297,2660
2298,2593
2298,2579
2298,2374
2298,2372
2298,2332
2298,2312
2299,2521
2299,2509
2299,2489
2300,2584
2300,2526
2300,2408
2300,2386
2302,2605
2302,2588
2302,2509
2302,2501
2302,2433
2302,2361
2302,2356
2302,2342
2303,2601
2303,2584
2303,2499
2303,2484
2303,2429
2303,2423
2303,2344
2304,2625
2304,2611
2304,2371
2305,2642
2305,2423
2305,2419
2305,2357
2306,2574
2306,2553
2306,2484
2306,2461
2306,2353
2306,2315
2307,2592
2307,2484
2308,2591
2308,2522
2308,2387
2308,2350
2309,2576
2309,2533
2309,2417
2310,2544
2310,2518
2310,2406
2311,2642
2311,2561
2311,2417
2312,2433
2313,2600
2313,2387
2313,2334
2314,2598
2314,2484
2314,2325
2315,2588
2315,2580
2315,2559
2315,2552
2315,2407
2315,2392
2315,2374
2315,2368
2315,2355
2316,2342
2317,2537
2317,2384
2318,2384
2318,2324
2319,2630
2319,2610
2319,2554
2319,2519
2319,2501
2319,2433
2319,2327
2320,2604
2321,2628
2322,2534
2322,2458
2323,2532
2323,2350
2323,2336
2323,2332
2324,2653
2324,2608
2324,2496
2324,2443
2324,2351
2324,2325
2325,2587
2326,2366
2327,2637
2327,2501
2327,2464
2327,2440
2327,2426
2328,2636
2328,2625
2328,2538
2328,2454
2328,2417
2329,2594
2329,2509
2329,2490
2329,2484
2329,2398
2329,2333
2330,2643
2330,2540
2330,2419
2330,2332
2331,2652
2331,2646
2331,2563
2332,2656
2332,2640
2332,2604
2332,2601
2332,2393
2332,2378
2332,2369
2333,2381
2333,2370
2334,2624
2334,2506
2334,2384
2334,2359
2335,2608
2335,2351
2336,2656
2336,2638
2336,2625
2336,2590
2336,2586
2336,2559
2336,2448
2336,2414
2338,2656
2338,2585
2338,2560
2338,2537
2338,2488
2338,2419
2339,2498
2339,2394
2340,2581
2340,2524
2340,2364
2341,2583
2341,2503
2341,2475
2342,2544
2342,2443
2343,2495
2343,2433
2343,2403
2343,2345
2344,2643
2344,2611
2344,2552
2344,2533
2344,2476
2344,2409
2344,2398
2344,2392
2345,2643
2345,2605
2345,2529
2345,2447
2347,2350
2348,2399
2350,2561
2350,2485
2350,2467
2350,2445
2351,2648
2351,2599
2351,2556
2351,2500
2351,2445
2351,2413
2351,2362
2352,2629
2352,2608
2352,2552
2352,2543
2353,2489
2353,2367
2354,2641
2354,2576
2354,2442
2355,2625
2355,2615
2355,2589
2355,2566
2355,2516
2355,2447
2358,2642
2360,2411
2361,2617
2362,2493
2363,2649
2363,2613
2363,2599
2363,2557
2363,2556
2363,2536
2366,2639
2366,2452
2366,2420
2366,2411
2367,2592
2367,2511
2367,2404
2368,2506
2368,2451
2368,2418
2368,2404
2369,2467
2369,2396
2369,2378
2370,2508
2370,2469
2370,2443
2370,2436
2371,2508
2371,2506
2371,2438
2371,2389
2372,2651
2372,2478
2372,2467
2373,2577
2374,2608
2374,2594
2374,2539
2374,2449
2374,2407
2374,2390
2376,2545
2376,2529
2376,2519
2377,2637
2377,2623
2377,2571
2377,2557
2377,2547
2377,2524
2377,2467
2377,2433
2378,2472
2378,2409
2379,2632
2379,2467
2379,2394
2380,2653
2381,2545
2381,2544
2381,2516
2381,2392
2383,2472
2384,2576
2384,2489
2384,2446
2385,2616
2385,2415
2386,2599
2386,2557
2386,2555
2386,2518
2386,2499
2386,2460
2389,2645
2390,2642
2390,2594
2390,2525
2390,2436
2392,2610
2392,2604
2392,2588
2392,2559
2392,2511
2392,2485
2392,2407
2392,2400
2393,2506
2393,2444
2393,2423
2394,2554
2394,2507
2394,2496
2394,2472
2395,2650
2396,2639
2396,2566
2396,2524
2396,2496
2396,2445
2398,2574
2398,2539
2398,2418
2399,2652
2399,2406
2400,2598
2400,2512
2400,2508
2401,2491
2401,2407
2404,2619
2404,2617
2404,2429
2406,2603
2406,2461
2407,2630
2407,2520
2408,2433
2410,2635
2410,2613
2411,2496
2411,2422
2414,2472
2414,2438
2415,2556
2415,2546
2415,2461
2415,2440
2416,2649
2416,2629
2416,2594
2416,2498
2417,2655
2417,2652
2417,2627
2417,2619
2417,2504
2417,2419
2418,2591
2418,2509
2418,2501
2418,2451
2419,2643
2419,2430
2420,2429
2423,2649
2423,2608
2423,2536
2423,2472
2423,2449
2425,2638
2425,2609
2425,2547
2425,2546
2426,2550
2427,2542
2427,2526
2428,2491
2428,2438
2429,2613
2429,2576
2429,2557
2429,2495
2429,2445
2430,2539
2430,2521
2431,2448
2433,2460
2433,2454
2433,2440
2434,2629
2434,2566
2436,2643
2436,2610
2436,2604
2436,2576
2436,2479
2438,2567
2438,2546
2438,2512
2438,2498
2438,2464
2438,2463
2440,2543
2440,2472
2441,2632
2441,2544
2442,2623
2442,2576
2443,2625
2443,2601
2443,2567
2443,2555
2443,2539
2445,2642
2445,2630
2445,2544
2447,2635
2447,2508
2448,2643
2448,2517
2449,2516
2449,2463
2451,2582
2451,2564
2451,2559
2451,2520
2451,2516
2451,2507
2451,2475
2454,2597
2454,2547
2454,2468
2458,2542
2461,2656
2461,2635
2461,2625
2462,2628
2462,2549
2462,2495
2463,2604
2463,2591
2463,2581
2463,2561
2463,2526
2463,2467
2464,2641
2465,2648
2465,2590
2465,2557
2465,2520
2465,2494
2466,2554
2467,2643
2467,2510
2467,2474
2468,2613
2468,2588
2468,2531
2468,2512
2469,2594
2471,2646
2471,2550
2472,2556
2472,2510
2472,2500
2473,2600
2473,2590
2473,2582
2473,2516
2474,2592
2475,2622
2475,2620
2475,2590
2475,2519
2476,2604
2476,2588
2476,2543
2476,2498
2477,2617
2477,2586
2477,2512
2477,2509
2477,2491
2478,2635
2478,2625
2478,2609
2478,2549
2478,2529
2484,2567
2484,2489
2485,2653
2485,2613
2485,2609
2486,2646
2486,2492
2489,2641
2489,2619
2491,2632
2492,2551
2492,2502
2495,2628
2495,2622
2495,2613
2495,2524
2496,2630
2496,2611
2496,2540
2496,2518
2498,2606
2498,2554
2498,2516
2499,2593
2499,2542
2501,2642
2501,2616
2501,2572
2502,2511
2504,2572
2504,2530
2504,2516
2506,2532
2507,2653
2507,2632
2508,2585
2509,2594
2509,2593
2509,2542
2511,2630
2511,2609
2511,2572
2511,2531
2512,2616
2512,2547
2512,2524
2514,2642
2516,2654
2516,2607
2516,2590
2516,2533
2518,2557
2518,2556
2519,2616
2519,2603
2519,2564
2519,2545
2520,2592
2520,2567
2522,2600
2524,2603
2525,2588
2526,2635
2526,2629
2526,2622
2529,2625
2529,2603
2530,2617
2530,2588
2531,2564
2532,2561
2532,2546
2533,2644
2533,2600
2535,2644
2537,2627
2538,2643
2538,2571
2540,2543
2542,2545
2543,2641
2543,2628
2544,2638
2544,2608
2544,2604
2547,2647
2547,2594
2548,2581
2550,2649
2551,2591
2553,2567
2554,2591
2554,2567
2555,2566
2559,2609
2563,2609
2563,2597
2566,2657
2566,2571
2567,2619
2567,2610
2568,2582
2571,2653
2571,2605
2572,2608
2573,2598
2574,2623
2574,2588
2576,2606
2578,2608
2579,2592
2580,2644
2581,2603
2582,2591
2583,2609
2584,2646
2584,2631
2584,2610
2585,2610
2586,2622
2586,2597
2589,2624
2589,2603
2592,2630
2592,2619
2593,2643
2594,2610
2597,2659
2597,2644
2597,2604
2598,2619
2603,2653
2603,2628
2609,2620
2610,2643
2611,2649
2617,2641
2623,2629
2629,2641
2631,2654
2633,2640
2636,2660
2637,2656
2639,2657
2661,3367
2661,2718
2662,3169
2662,3167
2662,2715
2662,2713
2663,3047
2664,2896
2665,3332
2665,3291
2665,2979
2665,2946
2665,2876
2665,2764
2666,3417
2666,2810
2666,2806
2666,2754
2667,3373
2667,3203
2667,3102
2667,3021
2667,3009
2667,2825
2668,3370
2668,2803
2669,3036
2669,2862
2669,2806
2669,2741
2671,2820
2672,3379
2672,2687
2673,3117
2673,2974
2673,2960
2673,2916
2673,2906
2673,2800
2673,2757
2673,2746
2673,2738
2673,2680
2674,3298
2674,3151
2674,2901
2674,2818
2674,2780
2674,2737
2674,2684
2675,3397
2675,3321
2675,3316
2675,3277
2675,3255
2675,3177
2675,3162
2675,2996
2675,2832
2675,2787
2676,3029
2676,2851
2676,2743
2676,2731
2676,2680
2677,3331
2677,3221
2677,3146
2677,3111
2677,3089
2677,2845
2677,2753
2679,3095
2679,2854
2679,2769
2679,2759
2679,2746
2680,3238
2680,3220
2680,3114
2680,3000
2680,2852
2680,2756
2681,3315
2681,3049
2681,2909
2681,2874
2681,2729
2682,3359
2682,2951
2683,3284
2683,2981
2683,2782
2684,3406
2684,3263
2684,3112
2684,3103
2684,2760
2685,3205
2685,3089
2685,2995
2685,2976
2685,2748
2685,2728
2686,3393
2686,3355
2686,3214
2686,3100
2686,2744
2687,3304
2687,3297
2687,3206
2687,3020
2687,2991
2688,3335
2688,3176
2689,3345
2689,3339
2689,3149
2689,3040
2689,3004
2689,2994
2689,2956
2689,2872
2689,2809
2690,3319
2690,3039
2690,2697
2692,3005
2693,3106
2693,2989
2693,2797
2694,3362
2694,3287
2694,3082
2695,3426
2695,3065
2695,3054
2696,3327
2696,3302
2696,3273
2696,3196
2696,3168
2696,3133
2696,2780
2697,3258
2698,3304
2698,3107
2698,3089
2698,2897
2700,3027
2701,3132
2701,3115
2701,3038
2701,2957
2701,2858
2701,2849
2702,3421
2702,3409
2702,3316
2702,3313
2702,3082
2705,3232
2705,3174
2705,2948
2705,2873
2705,2866
2705,2756
2705,2706
2706,3095
2706,3078
2706,3054
2706,2873
2707,3395
2707,3330
2707,3154
2707,3102
2708,3219
2708,2737
2708,2720
2709,3330
2710,3326
2710,3158
2710,3119
2710,2993
2710,2759
2710,2756
2711,3380
2711,3276
2711,3111
2712,3380
2712,3340
2712,3146
2712,3113
2712,2999
2712,2718
2713,3422
2713,3396
2713,3233
2713,3161
2713,3160
2713,3101
2713,3046
2713,3034
2713,2958
2713,2720
2715,3308
2715,3289
2715,3224
2715,3136
2715,3043
2715,2778
2716,3341
2716,3182
2716,3144
2716,3120
2716,3116
2716,2804
2717,3004
2717,2810
2717,2726
2718,3425
2718,3422
2718,3345
2718,3120
2718,3027
2719,3411
2719,2914
2719,2803
2720,3296
2720,3093
2720,2770
2722,3258
2722,3245
2722,3150
2723,3386
2723,3366
2723,3312
2724,3353
2724,3160
2724,3079
2726,3301
2726,3073
2726,2928
2726,2800
2728,3057
2728,2938
2728,2936
2728,2833
2728,2812
2729,3399
2729,3345
2729,3286
2729,3195
2729,2925
2730,3406
2730,3381
2730,3124
2730,3101
2730,3072
2730,2904
2731,3294
2731,2963
2733,3347
2733,3332
2733,3319
2733,3252
2733,3235
2733,3132
2733,3002
2734,2979
2734,2796
2734,2778
2735,3366
2735,3223
2735,3191
2735,3154
2737,3350
2737,3199
2737,2958
2738,3073
2738,3062
2738,3051
2738,2850
2739,3344
2739,3308
2739,3148
2739,3087
2739,2984
2739,2764
2741,3096
2741,2880
2742,3104
2742,2965
2742,2936
2743,3193
2743,3052
2743,2884
2744,3198
2744,2996
2744,2758
2745,3098
2745,2911
2746,3238
2746,2873
2746,2786
2747,3355
2747,2844
2748,3343
2748,3172
2748,3035
2749,3226
2749,3195
2749,3098
2749,3040
2749,2852
2750,3400
2750,3135
2751,3040
2751,2973
2751,2958
2751,2836
2753,3255
2753,3247
2753,3224
2753,3206
2753,2859
2753,2823
2753,2775
2754,3435
2754,3098
2754,3040
2754,2913
2755,3104
2755,3035
2755,2835
2755,2786
2756,3129
2757,3404
2757,3123
2758,3353
2758,3107
2758,3027
2759,3232
2759,3174
2759,3052
2759,2884
2760,3262
2761,3108
2761,3078
2761,2908
2762,3403
2762,3005
2762,2785
2763,3143
2764,3291
2765,3188
2766,3315
2766,2890
2767,3382
2768,3397
2768,3396
2768,3346
2768,3253
2768,3109
2768,3060
2768,2934
2768,2818
2769,3073
2769,3036
2770,3406
2770,3316
2770,3272
2770,3148
2770,3138
2770,3107
2770,3072
2770,2797
2771,3089
2772,3321
2772,3276
2773,3056
2773,2943
2775,3150
2777,3105
2778,3421
2778,3254
2778,3152
2778,3072
2778,2888
2778,2846
2778,2780
2779,3296
2779,2958
2780,3431
2780,3415
2780,3369
2780,3321
2780,3280
2780,3214
2780,3196
2780,2955
2780,2849
2780,2812
2781,3378
2781,3287
2781,3124
2781,3051
2781,3007
2781,2847
2783,3358
2783,3261
2783,3160
2783,3113
2783,2937
2784,3272
2784,3253
2784,3062
2785,3357
2785,3350
2785,3320
2785,3313
2785,3038
2785,2938
2785,2923
2785,2865
2786,3202
2787,3273
2787,3223
2787,3210
2787,3167
2787,3140
2787,2853
2789,3139
2789,3098
2789,2924
2790,3386
2790,3070
2791,3356
2791,3075
2791,2914
2791,2880
2793,3235
2793,3190
2793,3087
2793,3076
2793,3017
2793,2980
2793,2976
2793,2947
2794,2906
2794,2839
2795,3352
2795,3145
2795,3089
2795,2849
2796,3346
2796,3342
2796,3191
2797,3173
2797,2923
2797,2914
2797,2875
2797,2840
2797,2818
2799,3251
2800,3226
2800,3123
2800,2850
2801,2921
2802,3319
2802,3233
2802,2831
2804,3379
2806,3220
2806,3026
2807,3348
2807,2872
2808,3157
2809,3303
2810,3234
2810,2866
2810,2815
2811,3330
2811,3113
2812,3228
2812,3151
2812,3150
2812,3006
2812,2945
2813,3168
2813,3081
2813,2921
2815,3342
2815,2993
2816,3198
2819,3391
2819,3274
2819,3248
2819,3240
2819,3190
2819,3013
2819,2973
2819,2970
2820,3273
2820,3093
2821,3123
2821,2960
2822,3380
2822,3011
2823,3357
2823,3169
2823,3115
2823,2936
2823,2832
2824,2996
2825,3148
2826,3343
2826,3299
2827,3010
2827,2908
2828,3313
2828,3249
2828,3016
2829,3419
2829,3380
2829,3326
2829,2892
2830,3386
2830,3370
2830,3224
2830,3210
2830,3203
2830,3133
2830,3020
2830,2881
2831,3380
2831,3280
2831,3240
2831,3016
2831,2882
2832,3416
2832,3291
2833,3331
2833,3208
2833,3005
2833,2932
2833,2921
2835,3304
2835,2981
2835,2931
2836,3344
2836,3176
2836,3160
2836,3016
2836,2921
2836,2875
2837,3362
2837,3026
2839,3342
2839,3114
2840,3353
2840,3171
2840,3165
2840,2996
2841,3204
2841,3100
2841,2878
2843,3401
2843,3182
2843,3051
2843,2991
2844,3342
2844,3297
2844,3208
2844,3015
2845,3374
2845,3341
2845,3285
2845,3262
2845,3140
2845,2931
2845,2847
2846,3434
2846,3381
2846,3116
2846,3107
2846,2976
2847,3077
2848,3171
2849,3148
2849,3050
2849,2995
2849,2946
2849,2868
2850,3417
2850,3079
2851,3026
2851,2977
2852,2960
2853,3357
2853,3337
2853,3274
2853,3214
2853,3194
2853,3191
2853,3148
2853,3051
2853,3039
2853,2946
2855,3360
2855,2976
2856,3313
2856,3248
2856,2901
2858,3329
2859,3038
2863,3374
2863,3360
2863,3179
2863,3110
2863,3017
2863,3009
2863,2996
2863,2881
2863,2872
2863,2864
2864,3202
2864,3025
2864,2987
2864,2978
2865,3403
2866,3085
2866,3073
2866,2960
2867,3286
2867,2908
2868,3039
2868,2951
2869,3342
2869,3323
2869,3307
2869,3258
2869,3210
2869,3050
2870,3296
2870,3211
2871,3406
2871,3208
2871,3187
2871,3067
2872,3399
2872,3301
2872,3227
2872,2917
2873,3294
2873,3010
2873,2981
2873,2925
2874,3362
2875,3260
2875,3173
2875,3049
2876,3419
2876,3159
2876,3009
2876,2937
2877,3220
2877,3080
2877,3030
2880,3243
2880,3135
2881,3411
2881,3386
2881,3340
2881,3335
2881,3296
2882,3088
2883,2950
2887,3202
2887,3047
2887,2953
2887,2911
2888,3204
2888,2944
2890,3363
2890,3237
2891,3364
2891,3213
2892,3366
2892,3302
2892,2973
2893,3067
2894,3292
2894,3272
2894,3267
2894,3186
2894,3086
2894,3085
2894,2932
2894,2914
2895,3351
2896,3294
2896,3064
2896,2907
2897,3274
2897,3166
2897,3052
2898,3116
2899,3300
2899,2909
2900,3346
2901,3274
2901,3188
2901,3168
2901,3079
2901,3007
2901,2942
2904,3422
2904,3397
2904,3329
2904,3263
2904,3076
2905,3435
2905,3355
2905,2928
2906,3294
2906,3107
2906,3073
2906,2945
2907,2924
2908,3052
2908,3029
2909,3114
2910,3142
2910,3104
2910,2996
2911,3229
2911,3029
2911,2961
2912,3294
2912,3220
2912,3193
2912,3163
2912,3056
2912,3042
2913,3301
2913,3293
2913,3202
2913,3193
2914,3378
2914,3355
2914,3344
2914,3307
2914,3280
2914,3237
2914,3185
2914,3162
2914,3049
2914,3015
2914,2921
2915,3279
2916,3259
2916,3237
2916,2935
2917,3400
2917,3166
2917,3090
2917,2974
2918,3263
2918,2947
2918,2923
2919,3336
2919,3124
2919,3090
2919,3026
2921,3106
2923,3350
2923,3076
2924,3036
2924,2969
2925,3293
2925,3257
2925,3231
2927,3038
2927,3027
2927,3023
2927,2953
2927,2931
2928,3339
2928,2969
2929,3400
2929,3387
2929,3257
2931,3243
2931,3096
2932,3233
2932,2936
2933,3013
2934,3082
2935,3340
2935,3136
2936,3280
2936,3235
2936,3148
2936,3072
2937,3418
2937,3321
2937,3186
2937,3089
2938,2973
2939,3378
2939,3319
2939,3274
2939,2991
2939,2946
2940,3052
2940,3040
2940,3025
2941,3239
2941,3160
2942,3411
2942,3381
2942,3249
2943,2997
2943,2987
2943,2967
2944,3430
2944,3414
2944,3342
2945,3394
2945,3236
2946,3388
2946,3286
2946,3231
2947,3176
2947,2958
2948,3426
2948,3073
2948,3000
2948,2981
2949,3184
2950,3252
2950,3201
2950,3178
2950,3088
2950,3011
2951,3337
2951,3190
2951,2999
2951,2976
2953,3339
2954,3278
2954,2958
2955,3361
2955,3089
2956,3080
2956,2974
2958,3289
2958,3241
2958,3140
2960,3168
2961,3390
2961,3097
2963,3220
2964,3240
2964,3199
2964,3061
2964,3019
2965,3386
2965,3377
2965,3355
2965,3145
2965,3018
2967,3243
2967,3135
2967,3065
2967,3056
2968,3409
2968,3165
2969,3041
2969,2993
2970,3204
2970,3112
2973,3254
2973,3194
2973,3173
2973,3145
2973,3144
2973,3078
2974,3384
2974,3364
2974,3257
2974,3228
2974,3040
2974,3033
2974,2981
2976,3395
2976,3027
2977,3394
2977,3184
2978,3364
2979,3320
2979,3280
2979,3211
2979,3172
2979,3151
2979,3116
2983,3363
2984,3367
2984,3248
2985,3220
2985,3044
2987,3238
2987,3000
2988,3435
2988,3108
2989,3396
2989,3374
2990,3240
2991,3373
2991,3120
2992,3403
2992,3265
2992,3261
2992,3116
2992,3076
2992,3024
2992,3019
2993,3085
2995,3335
2996,3204
2996,3197
2996,3094
2997,3073
2998,3350
2999,3275
2999,3256
2999,3049
3000,3394
3001,3377
3001,3115
3002,3182
3002,3069
3002,3060
3002,3038
3004,3286
3004,3064
3005,3344
3005,3316
3005,3310
3005,3173
3005,3164
3005,3116
3005,3094
3005,3081
3005,3068
3006,3274
3006,3021
3007,3277
3007,3265
3007,3013
3009,3353
3009,3169
3010,3195
3010,3142
3010,3085
3011,3255
3011,3107
3011,3086
3012,3192
3012,3097
3013,3330
3013,3272
3014,3227
3015,3366
3015,3145
3017,3212
3017,3169
3017,3113
3018,3150
3019,3362
3019,3265
3019,3106
3019,3103
3020,3342
3020,3176
3020,3151
3020,3145
3021,3411
3021,3329
3021,3260
3021,3160
3021,3154
3021,3150
3022,3257
3022,3129
3023,3339
3023,3195
3023,3026
3024,3434
3024,3313
3024,3276
3024,3086
3024,3035
3025,3430
3026,3430
3027,3233
3027,3212
3027,3171
3027,3066
3029,3426
3029,3096
3032,3422
3032,3378
3032,3240
3033,3317
3033,3173
3033,3166
3034,3302
3034,3291
3034,3191
3035,3321
3035,3178
3035,3043
3036,3433
3036,3220
3036,3105
3038,3278
3038,3160
3039,3306
3040,3158
3041,3416
3041,3350
3041,3321
3041,3258
3041,3253
3041,3172
3041,3152
3041,3124
3041,3110
3041,3069
3042,3324
3043,3253
3043,3112
3044,3213
3044,3054
3045,3428
3046,3337
3046,3296
3046,3280
3046,3224
3046,3152
3047,3257
3047,3213
3048,3254
3049,3385
3049,3377
3049,3298
3049,3076
3049,3051
3051,3273
3051,3212
3052,3257
3054,3166
3054,3129
3057,3196
3058,3377
3058,3175
3058,3146
3060,3236
3060,3186
3060,3170
3061,3221
3062,3424
3062,3403
3062,3327
3062,3261
3063,3240
3064,3227
3064,3129
3064,3085
3064,3084
3066,3148
3068,3418
3068,3203
3069,3351
3069,3285
3070,3377
3070,3358
3070,3356
3070,3275
3070,3263
3070,3175
3072,3281
3075,3404
3075,3247
3076,3267
3076,3133
3077,3351
3077,3274
3077,3100
3079,3253
3079,3116
3080,3433
3080,3234
3081,3386
3081,3321
3081,3289
3081,3262
3085,3435
3085,3234
3087,3351
3087,3350
3087,3346
3087,3260
3087,3152
3087,3144
3088,3204
3089,3326
3089,3289
3089,3281
3089,3277
3089,3272
3089,3262
3089,3223
3089,3221
3089,3177
3090,3406
3090,3193
3090,3097
3091,3295
3091,3140
3093,3422
3094,3157
3094,3152
3095,3227
3097,3383
3097,3273
3097,3263
3097,3206
3097,3191
3098,3215
3099,3360
3100,3419
3100,3377
3100,3313
3100,3116
3100,3107
3101,3396
3101,3342
3101,3326
3101,3299
3101,3270
3101,3235
3101,3164
3101,3111
3102,3385
3102,3378
3102,3316
3102,3209
3102,3199
3103,3302
3103,3289
3103,3223
3103,3146
3104,3315
3104,3238
3104,3166
3106,3373
3106,3157
3107,3329
3107,3274
3107,3247
3108,3286
3109,3378
3109,3342
3109,3340
3109,3320
3109,3258
3109,3252
3110,3296
3110,3236
3110,3111
3111,3360
3111,3351
3111,3331
3111,3204
3111,3152
3112,3416
3113,3247
3113,3188
3113,3155
3113,3116
3114,3202
3115,3258
3116,3369
3116,3353
3116,3172
3117,3435
3117,3406
3117,3375
3117,3284
3118,3368
3118,3350
3118,3296
3118,3248
3118,3222
3119,3348
3119,3231
3119,3142
3120,3375
3120,3369
3123,3390
3123,3293
3124,3304
3124,3252
3129,3184
3129,3135
3132,3196
3132,3168
3132,3140
3133,3397
3133,3306
3136,3145
3137,3301
3138,3313
3140,3395
3140,3329
3140,3212
3144,3330
3144,3185
3144,3170
3145,3346
3145,3170
3145,3165
3146,3418
3146,3212
3146,3172
3146,3163
3148,3262
3149,3342
3149,3153
3150,3420
3150,3288
3151,3321
3151,3258
3151,3173
3152,3424
3152,3368
3152,3170
3154,3405
3154,3263
3154,3236
3154,3169
3157,3411
3157,3397
3157,3355
3157,3262
3160,3357
3160,3281
3160,3248
3160,3224
3161,3403
3162,3307
3162,3291
3162,3264
3162,3210
3164,3398
3164,3189
3165,3331
3165,3185
3166,3286
3167,3349
3167,3169
3168,3319
3169,3418
3169,3406
3169,3261
3170,3186
3171,3253
3172,3319
3172,3256
3172,3253
3173,3347
3173,3267
3174,3213
3176,3391
3176,3221
3177,3340
3177,3264
3182,3421
3182,3358
3182,3316
3184,3436
3184,3202
3185,3386
3185,3375
3185,3341
3185,3207
3186,3369
3187,3340
3187,3270
3188,3287
3189,3422
3189,3239
3191,3292
3191,3255
3191,3208
3191,3198
3192,3393
3192,3335
3193,3213
3195,3362
3195,3231
3196,3379
3196,3215
3197,3260
3197,3252
3197,3209
3198,3261
3199,3391
3201,3415
3201,3352
3201,3326
3201,3258
3201,3233
3202,3226
3203,3327
3203,3297
3203,3258
3203,3221
3204,3415
3204,3385
3204,3306
3204,3299
3204,3233
3204,3209
3206,3396
3206,3381
3206,3330
3206,3285
3206,3277
3206,3214
3207,3261
3208,3367
3208,3275
3209,3403
3209,3261
3210,3406
3210,3252
3211,3302
3214,3431
3214,3341
3215,3360
3215,3256
3219,3418
3219,3366
3219,3307
3219,3304
3219,3247
3219,3239
3220,3221
3223,3246
3225,3345
3225,3255
3226,3414
3226,3250
3227,3362
3229,3428
3231,3293
3233,3353
3234,3243
3236,3397
3236,3345
3236,3274
3237,3339
3238,3390
3238,3286
3240,3353
3240,3250
3241,3267
3243,3339
3243,3304
3245,3262
3246,3253
3247,3396
3247,3337
3247,3320
3248,3326
3250,3430
3250,3274
3252,3396
3252,3386
3252,3298
3253,3396
3253,3341
3253,3304
3255,3377
3256,3431
3256,3371
3256,3330
3256,3265
3257,3286
3258,3406
3260,3395
3261,3355
3261,3341
3262,3398
3263,3397
3263,3387
3263,3366
3264,3351
3265,3366
3265,3335
3265,3319
3265,3285
3267,3352
3267,3306
3267,3298
3269,3363
3269,3362
3270,3342
3273,3326
3274,3386
3275,3406
3275,3370
3275,3347
3275,3307
3275,3283
3277,3345
3279,3378
3281,3335
3287,3335
3288,3330
3288,3329
3289,3421
3295,3345
3296,3373
3298,3345
3298,3313
3302,3340
3303,3390
3313,3386
3313,3347
3315,3348
3321,3375
3326,3397
3328,3330
3329,3419
3329,3373
3330,3350
3331,3434
3335,3380
3337,3361
3337,3360
3342,3410
3342,3371
3345,3379
3346,3355
3346,3347
3352,3419
3358,3434
3365,3376
3373,3412
3374,3378
3377,3415
3378,3395
3384,3393
3385,3422
3391,3411
3393,3425
3394,3417
3418,3434
3438,3966
3438,3902
3440,3943
3440,3828
3440,3693
3440,3654
3440,3586
3440,3491
3441,3857
3442,3964
3442,3831
3442,3714
3443,3825
3443,3601
3445,3473
3448,3561
3449,3831
3449,3707
3449,3611
3449,3576
3449,3450
3450,3889
3450,3770
3450,3712
3452,3938
3452,3731
3452,3707
3454,3573
3455,3796
3456,3902
3456,3877
3458,3895
3460,3967
3460,3509
3461,3681
3462,3830
3462,3586
3463,3784
3463,3697
3464,3937
3464,3845
3466,3718
3466,3604
3467,3744
3468,3803
3468,3630
3469,3532
3470,3962
3470,3734
3471,3921
3471,3884
3471,3642
3471,3525
3474,3584
3475,3721
3479,3962
3480,3886
3480,3784
3480,3533
3480,3525
3481,3702
3481,3578
3481,3576
3482,3948
3482,3809
3484,3666
3485,3556
3486,3646
3487,3550
3488,3906
3488,3892
3488,3613
3490,3949
3491,3891
3491,3790
3491,3609
3492,3545
3492,3508
3493,3821
3495,3845
3495,3813
3495,3661
3496,3889
3496,3850
3496,3563
3497,3796
3498,3948
3498,3735
3498,3698
3498,3657
3499,3810
3501,3785
3501,3635
3501,3610
3501,3520
3502,3906
3503,3940
3503,3788
3505,3977
3506,3931
3506,3881
3506,3622
3506,3539
3508,3830
3509,3711
3510,3833
3510,3524
3512,3886
3512,3741
3512,3684
3512,3586
3514,3560
3518,3686
3519,3720
3520,3654
3521,3825
3522,3772
3524,3564
3525,3971
3525,3860
3525,3697
3525,3642
3526,3968
3526,3966
3526,3572
3526,3527
3527,3872
3527,3700
3527,3659
3528,3740
3529,3881
3529,3826
3531,3580
3532,3906
3532,3823
3532,3758
3533,3930
3533,3702
3534,3869
3534,3718
3535,3914
3535,3810
3535,3754
3536,3585
3539,3951
3539,3803
3540,3948
3540,3824
3540,3697
3542,3858
3543,3684
3543,3672
3545,3670
3548,3672
3548,3611
3548,3605
3550,3740
3550,3728
3550,3692
3551,3625
3553,3754
3554,3591
3555,3782
3557,3788
3558,3763
3559,3642
3559,3599
3561,3659
3561,3642
3562,3683
3563,3929
3563,3845
3563,3670
3564,3924
3564,3914
3564,3890
3564,3735
3566,3925
3568,3730
3568,3643
3569,3882
3571,3758
3573,3654
3576,3889
3576,3672
3576,3635
3577,3966
3577,3902
3577,3891
3577,3788
3577,3697
3583,3924
3583,3777
3584,3767
3586,3934
3586,3635
3590,3603
3591,3596
3592,3953
3592,3795
3593,3973
3593,3643
3594,3639
3596,3741
3600,3877
3601,3915
3602,3724
3604,3911
3604,3891
3604,3689
3605,3968
3608,3636
3609,3832
3609,3689
3611,3968
3611,3703
3611,3674
3612,3878
3612,3834
3612,3726
3612,3718
3612,3648
3614,3829
3615,3941
3615,3830
3615,3794
3615,3747
3617,3838
3618,3741
3618,3721
3621,3929
3622,3947
3625,3845
3625,3778
3625,3707
3626,3950
3626,3684
3626,3660
3627,3877
3627,3851
3629,3796
3630,3956
3633,3926
3634,3648
3635,3828
3635,3824
3636,3644
3641,3769
3642,3707
3644,3977
3644,3835
3645,3845
3651,3712
3651,3658
3651,3656
3656,3831
3656,3722
3656,3712
3658,3860
3658,3687
3658,3686
3660,3971
3661,3841
3663,3715
3664,3708
3667,3721
3671,3829
3672,3842
3673,3721
3677,3877
3678,3773
3681,3880
3683,3841
3683,3684
3684,3839
3684,3788
3684,3773
3687,3877
3687,3722
3690,3945
3690,3890
3692,3880
3692,3824
3694,3862
3697,3934
3698,3964
3702,3933
3703,3914
3703,3795
3703,3779
3705,3778
3705,3777
3707,3780
3707,3779
3710,3802
3711,3829
3711,3724
3714,3956
3715,3944
3717,3919
3720,3722
3721,3838
3721,3790
3721,3734
3722,3763
3724,3837
3724,3822
3726,3786
3728,3827
3728,3773
3732,3860
3734,3842
3735,3791
3740,3845
3741,3832
3750,3860
3750,3785
3753,3862
3754,3972
3756,3950
3759,3769
3760,3889
3760,3813
3761,3825
3764,3861
3764,3786
3765,3918
3770,3930
3777,3782
3779,3873
3779,3858
3780,3913
3781,3881
3785,3938
3786,3826
3788,3877
3788,3858
3790,3886
3795,3877
3800,3948
3800,3902
3805,3971
3810,3969
3810,3927
3816,3903
3818,3881
3821,3973
3823,3924
3829,3833
3830,3938
3830,3889
3830,3845
3832,3931
3832,3845
3833,3955
3833,3859
3839,3971
3841,3883
3843,3976
3845,3948
3863,3905
3866,3943
3866,3931
3872,3940
3875,3931
3890,3924
3906,3951
3908,3970
3915,3947
3923,3975
3981,3982
3986,4020
3994,4021
4021,4034
user 4,friend 4
0,549
1,302
3,258
3,199
3,30
5,26
9,191
10,322
10,274
10,239
10,26
13,213
13,120
14,17
16,304
16,268
16,31
20,305
21,178
21,76
21,45
24,322
24,132
25,38
26,77
27,246
28,167
29,213
30,88
30,79
31,139
31,133
31,62
34,461
34,432
34,378
34,360
34,166
36,57
38,277
38,119
38,103
39,296
39,169
40,105
41,138
45,224
48,211
48,196
50,323
50,322
50,63
51,238
51,88
53,325
53,246
54,303
54,189
54,170
55,325
55,258
55,159
56,308
56,280
56,133
58,1486
59,164
60,62
61,245
62,308
62,203
63,103
64,329
65,285
65,235
66,329
66,200
66,199
67,341
67,257
69,252
69,103
72,156
72,136
72,80
73,277
73,146
75,331
77,274
79,223
79,108
80,257
80,185
80,109
83,290
83,277
85,315
85,252
85,142
86,245
87,277
94,188
94,169
96,308
98,178
100,339
101,132
104,170
104,161
107,3432
107,2370
107,2026
107,1941
107,589
107,542
107,408
109,199
109,123
113,280
113,189
116,192
116,137
118,240
118,120
119,334
119,232
119,139
121,277
123,341
124,271
125,272
126,206
128,238
128,229
129,199
130,302
130,265
130,252
130,221
130,161
133,211
134,285
134,212
136,2607
136,2560
136,2499
136,2435
136,2370
136,2201
136,2057
136,2031
136,2026
136,1914
136,1617
136,301
141,261
141,188
142,291
142,276
142,197
146,334
146,323
149,151
150,248
150,211
158,169
161,236
161,211
168,315
169,297
169,246
169,187
170,261
170,231
171,1358
173,186
175,315
184,332
184,313
184,249
185,268
185,251
187,271
187,199
188,303
189,252
191,322
194,213
197,315
197,290
199,299
200,288
200,257
203,311
203,257
207,285
212,322
212,280
212,229
223,304
223,285
224,265
224,250
229,318
229,281
231,285
231,284
231,238
232,234
238,320
239,334
242,345
242,325
242,250
248,346
248,334
248,299
249,322
252,284
257,298
258,322
261,302
265,314
270,331
274,311
276,303
281,323
281,302
285,291
289,319
290,344
290,298
295,340
297,341
297,331
313,345
314,322
315,325
322,331
332,341
340,347
348,1695
348,1348
348,1189
348,1083
348,932
350,604
350,513
350,475
350,471
350,446
352,1720
352,1679
352,1155
352,966
352,606
352,544
352,465
352,444
352,439
352,416
353,1895
353,1665
353,1652
353,1612
353,1549
353,1517
353,1180
353,1103
353,1081
353,912
353,551
353,390
354,563
355,1374
355,671
355,435
355,426
355,414
355,387
357,1630
357,566
357,431
359,545
359,521
359,519
359,497
359,485
359,463
359,378
360,666
360,560
360,498
360,492
360,488
360,435
361,506
361,497
362,548
362,375
363,1724
363,1650
363,1634
363,1631
363,1487
363,1407
363,1060
363,522
363,462
363,430
363,425
363,410
363,394
365,606
365,431
366,1428
366,1079
366,942
367,1680
367,976
367,637
367,593
367,425
367,414
367,410
367,398
367,388
368,1512
368,591
368,567
368,505
368,492
368,392
369,491
370,1912
370,1018
370,601
370,596
370,556
370,473
370,394
371,463
371,372
372,431
372,374
373,1680
373,1606
373,1446
373,1347
373,1278
373,538
374,653
374,623
374,557
374,485
374,389
375,462
375,458
375,376
376,1661
376,1513
376,1459
376,1350
376,1322
376,543
376,474
376,430
378,1349
378,1217
378,1155
378,1029
378,1025
378,597
378,538
378,509
381,1496
385,1543
385,1066
385,591
387,531
387,515
387,510
388,556
388,432
389,1141
389,1072
389,1032
389,974
389,544
389,442
390,1446
390,671
390,512
390,461
390,415
391,1545
391,472
391,395
392,948
392,507
392,452
392,402
394,1778
394,1549
394,1128
394,1122
394,948
394,591
394,524
395,1455
395,1190
395,644
395,566
395,541
396,554
396,503
397,1882
397,669
397,652
397,645
397,620
397,542
397,505
397,488
397,407
398,507
398,432
398,423
400,1790
400,1778
400,652
400,496
402,1446
402,1349
402,666
402,591
403,1237
403,496
403,474
403,432
404,1300
404,1049
404,498
404,407
405,469
405,465
405,431
407,471
408,1730
408,1086
408,606
408,604
408,542
408,535
408,497
408,492
408,414
409,683
409,554
409,414
410,606
410,567
410,438
412,1768
412,1692
412,1595
412,1223
412,666
412,634
412,489
413,646
413,538
413,485
414,1801
414,1692
414,1609
414,1595
414,1459
414,1345
414,1172
414,1160
414,1126
414,948
414,537
414,502
414,481
415,513
416,1324
416,452
416,429
417,1512
417,1473
417,1110
417,676
417,630
417,478
417,462
417,426
419,1529
419,1166
419,539
419,515
420,1001
420,614
421,1155
421,637
421,555
421,541
421,516
421,432
421,423
422,1503
422,1487
422,1166
422,646
422,571
422,516
423,1853
423,1671
423,641
423,541
424,536
425,936
425,507
425,489
425,433
426,1766
426,587
426,472
426,457
427,962
427,542
428,1870
428,1628
428,1485
428,1435
428,1390
428,1335
428,1023
428,907
428,449
429,470
430,1709
430,1160
430,594
430,567
430,555
430,518
430,482
431,1768
431,1595
431,645
431,580
431,567
431,491
431,488
431,461
432,1790
432,1104
432,601
433,497
433,471
434,1766
434,569
434,547
434,536
435,1338
435,513
436,1709
436,1574
436,662
436,471
436,470
437,555
438,1514
438,1512
438,954
438,930
438,685
438,547
438,485
439,485
440,1514
440,482
440,458
442,546
444,1853
444,1654
444,1223
444,601
444,510
444,465
444,455
445,1660
445,1155
445,637
446,556
449,1237
450,1313
450,506
451,601
451,490
451,463
452,1694
455,1514
455,548
455,493
455,489
456,1778
456,504
457,556
457,523
458,557
459,514
459,465
460,1778
460,1357
460,527
461,1790
461,1155
461,563
461,514
461,493
462,497
462,474
463,1114
463,915
465,482
469,1300
469,645
470,1313
471,538
472,482
473,1740
473,1720
473,591
473,558
473,536
473,530
474,539
475,1687
475,1628
475,1424
475,653
475,645
478,517
479,1680
479,1464
479,1223
479,936
479,554
479,500
479,482
481,1844
481,542
481,492
481,484
482,1744
482,1425
482,604
483,1736
483,1734
483,1605
483,1597
483,1573
483,1426
483,1413
483,1110
483,1035
483,935
483,592
484,1675
484,1619
484,1613
484,1600
484,1594
484,1585
484,1453
484,1446
484,1401
484,1006
484,997
484,654
485,488
486,523
487,1155
487,651
488,948
488,676
488,646
489,604
489,492
491,525
491,492
492,1778
492,1565
492,1408
492,652
493,1831
493,1778
493,1397
493,548
493,519
494,1397
494,556
494,540
495,669
495,515
496,1358
496,1122
497,1770
500,680
500,646
500,644
500,570
500,541
502,1358
502,567
503,1694
503,1332
503,1191
504,651
504,566
506,1453
506,1250
506,609
507,1349
507,1217
507,962
507,558
507,538
508,1692
508,546
508,540
508,523
510,1313
510,529
512,1624
512,1237
512,1099
512,634
512,580
513,1524
513,666
513,639
514,667
514,666
514,557
515,1606
515,1578
515,1273
516,524
516,522
517,1695
517,1674
517,1621
517,1572
517,1390
517,1371
517,673
519,1545
519,559
520,1226
521,1320
523,1159
523,652
524,634
525,1859
525,1804
525,1348
525,1243
525,1135
525,1100
525,1047
526,1852
526,1820
526,1808
526,1675
526,1671
526,1659
526,1625
526,1497
526,1455
526,1447
526,1418
526,1398
526,1359
526,1238
526,1184
526,1104
526,1047
526,972
526,927
526,897
526,604
526,551
526,535
531,1400
533,566
533,547
535,1870
536,1801
536,1012
536,606
537,1692
537,1679
537,1536
537,1429
537,1303
537,1155
537,1013
537,553
538,1793
538,1645
538,1639
538,1611
538,1590
538,1563
538,1472
538,1303
538,1281
538,1014
538,978
538,976
539,1882
539,641
539,637
539,570
542,1549
542,614
542,566
544,1812
544,1606
544,1357
545,1427
545,641
546,645
546,569
548,653
548,641
548,591
549,1237
549,570
553,1876
553,1692
553,680
553,592
555,683
556,587
557,1210
557,571
558,1767
558,936
559,1716
559,1526
559,1427
559,1313
559,1173
559,620
560,1526
560,1425
560,566
561,1770
561,680
561,646
563,1612
563,1327
563,1324
563,1287
563,1281
563,1244
563,1056
563,912
563,666
563,629
563,619
563,580
566,1878
566,1818
566,1816
566,1738
566,1718
566,1632
566,1631
566,1616
566,1557
566,1523
566,1400
566,1246
566,1129
566,967
566,966
566,942
566,906
566,594
567,3627
567,3501
567,1878
567,1695
567,1374
567,1313
567,1210
576,599
580,1830
580,1773
580,1756
580,1729
580,1513
580,1464
580,1267
580,1239
580,1100
580,896
580,596
584,1229
584,669
584,657
587,1487
589,626
591,1425
591,1408
591,1179
591,896
591,666
592,596
594,637
596,1899
596,1873
596,1832
596,1603
596,1538
596,1514
596,1469
596,1198
596,927
601,1763
601,1744
601,1324
601,1320
601,984
603,622
604,1766
604,1744
604,630
605,684
605,629
606,1887
606,1729
606,1531
606,1510
606,1464
606,1447
606,1408
606,1148
606,1128
606,1117
606,1004
606,916
606,620
609,1536
610,1897
611,679
614,1014
620,1881
620,1487
623,626
626,636
628,650
629,1794
629,1778
629,1645
629,1409
629,1006
635,1313
637,1805
637,1695
637,1630
637,1582
637,1570
637,1492
637,1361
637,1227
637,1167
637,1107
637,1024
641,1901
641,1898
641,1823
641,1487
641,1429
641,1221
641,1082
641,1067
641,947
641,671
645,1545
645,912
646,1425
649,1863
649,939
651,1795
651,1770
651,1382
651,1373
651,1235
651,1226
651,1222
651,1212
651,1207
651,1156
651,1110
651,1013
651,652
657,680
663,677
676,1777
683,1320
686,876
687,786
687,741
688,753
689,767
690,838
690,810
690,760
691,743
693,805
693,748
693,719
695,807
696,821
696,759
696,700
697,787
697,716
697,704
698,3672
698,3592
698,835
700,856
700,755
700,724
702,806
703,825
706,833
706,814
706,741
707,789
708,787
709,842
710,880
711,809
711,721
713,741
715,838
715,819
715,809
715,798
715,787
715,718
716,724
718,846
719,740
721,727
722,828
723,856
723,790
723,781
724,840
725,817
726,856
726,814
726,799
727,818
727,755
728,825
728,808
729,827
731,849
731,836
731,831
734,820
734,748
735,792
735,755
736,773
737,759
739,817
741,824
741,756
742,818
745,753
746,840
746,805
746,766
747,813
748,774
751,807
752,837
752,797
752,783
753,804
754,842
754,806
754,765
756,819
758,880
759,799
760,768
761,844
761,834
761,779
762,823
762,820
764,786
766,777
770,835
773,819
774,817
774,787
778,849
778,815
780,790
781,811
783,831
783,819
784,815
787,792
790,847
790,823
792,810
793,829
796,835
798,819
807,830
817,823
818,828
818,827
821,828
825,863
826,838
840,847
844,847
845,847
857,3938
857,3839
862,3966
862,3950
862,3902
862,3625
896,1745
896,1682
896,1612
896,1313
897,1844
897,1734
897,1623
897,1578
897,1369
897,1178
897,1177
897,1153
897,1149
897,1146
897,1086
897,1004
897,1003
898,1899
898,1828
898,1799
898,1706
898,1584
898,1576
898,1281
898,1126
898,902
899,1517
900,1882
900,1791
900,1726
901,923
902,1770
902,1655
902,1350
902,1320
902,1170
905,1689
905,1570
905,1472
905,1425
905,1330
905,1268
905,1076
905,1032
905,988
905,948
906,1667
906,1651
906,1540
906,1488
906,1348
906,1098
906,959
906,934
907,1882
907,1516
907,1153
907,1052
908,1827
908,1456
908,1181
908,970
909,1546
909,1360
909,1177
912,1861
912,1271
912,1126
913,1672
913,1612
913,1604
913,1556
913,1507
913,1502
913,1491
913,1489
913,1456
913,1415
913,1398
913,1086
913,1066
913,1025
913,977
914,1813
914,1740
914,1662
914,1658
914,1591
914,1446
915,1885
915,1720
915,1716
915,1374
915,1275
915,1238
915,1080
915,1067
916,1898
916,1706
916,1694
916,1590
916,1577
916,1533
916,1514
916,1272
916,1180
916,1165
916,1112
916,1107
916,1036
916,920
917,1885
917,1884
917,1849
917,1811
917,1715
917,1631
917,1390
917,1379
917,1343
917,1164
917,1011
919,1671
919,1426
919,1271
919,972
920,1891
920,1879
920,1746
920,1702
920,1620
920,1595
920,1470
920,1437
920,1258
920,1156
920,1049
920,993
921,1843
921,1791
921,1789
921,1752
921,1726
921,1618
921,1088
921,1082
921,947
922,1656
922,1584
922,1447
922,1404
922,1329
922,1263
922,1246
922,1242
922,1093
922,1038
922,982
923,1842
923,1793
923,1702
923,1620
923,983
923,972
924,1872
924,1809
924,1786
924,1404
924,1378
925,1846
925,1841
925,1723
925,1561
925,1412
925,1348
925,1148
925,1104
926,1898
926,1867
926,1799
926,1750
926,1721
926,1580
926,1557
926,1513
926,1407
926,1352
926,1028
926,1017
927,1757
927,1753
927,1619
927,1491
927,1436
927,1412
927,1391
927,1192
927,1126
927,1076
927,1074
927,1049
929,1552
930,1811
930,1743
930,1606
930,1455
930,1154
930,953
931,1162
931,1081
932,1941
932,1791
932,1697
932,1623
932,1544
932,1534
932,1473
932,1207
933,1738
933,1720
933,1612
933,1277
933,1221
933,1192
933,1131
934,1851
934,1821
934,1809
934,1741
934,1639
934,1626
934,1619
934,1604
934,1514
934,1449
934,1282
934,1201
934,1171
934,1130
934,1100
934,966
935,1720
935,1699
935,1293
935,1291
935,1042
936,1744
936,1603
936,1487
936,1226
937,1672
937,1643
938,1159
938,949
940,1830
940,1715
940,1496
940,1070
941,1655
941,1103
941,1100
941,1048
942,1861
942,1830
942,1616
942,1400
942,1338
942,1051
942,1042
942,975
943,1891
943,1870
943,1329
943,1228
943,1221
943,1139
944,1857
944,1727
944,1540
944,1281
944,1234
944,1189
944,1104
945,1502
945,1104
946,1734
946,1578
946,1392
946,1198
946,1180
946,1113
946,972
947,1878
947,1839
947,1619
947,1553
947,1514
947,1480
947,1460
947,1327
947,1274
947,1238
947,1198
947,1192
947,1155
947,1151
947,1091
947,1058
947,966
948,1843
948,1645
948,1637
948,1576
948,1344
948,1148
949,1815
949,1745
949,1320
949,1054
950,1898
950,1809
950,1641
950,1610
950,1291
950,1251
950,1214
950,1023
951,1827
951,1746
951,1620
951,1584
951,1527
951,1230
952,1727
952,1542
952,1343
952,1336
952,1321
952,1293
953,1897
953,1874
953,1789
953,1761
953,1702
953,1602
953,1557
953,1435
953,1402
953,1358
953,1293
953,1183
953,1109
953,999
954,1841
954,1636
954,1345
954,1180
954,975
957,1584
957,1448
957,1402
957,1316
957,1009
959,1877
959,1723
959,1642
959,1599
959,1485
959,1471
959,1437
959,1431
959,1323
959,1243
959,1135
959,1059
959,1036
960,1891
960,1763
960,1753
960,1746
960,1669
960,1561
960,1530
960,1497
960,1442
960,1278
960,1191
960,1173
960,1135
960,1076
961,1883
961,1685
961,1491
961,1269
962,1874
962,1863
962,1795
962,1790
962,1725
962,1718
962,1673
962,1532
962,1529
962,1514
962,1339
962,1230
962,1080
962,1070
962,1067
962,1018
963,1738
963,1173
964,1910
964,1837
964,1735
964,1655
964,1578
964,1565
964,1329
965,1502
965,1454
965,1382
965,1249
965,1109
966,1853
966,1796
966,1776
966,1722
966,1683
966,1675
966,1628
966,1597
966,1525
966,1487
966,1463
966,1359
966,1255
966,1128
966,1123
966,1112
966,1048
966,1026
966,998
966,991
967,2869
967,1610
967,1556
967,1538
967,1239
967,1209
967,1201
967,1183
967,1181
967,1107
967,1101
968,1893
968,1831
968,1802
968,1662
968,1614
968,1613
968,1574
968,1479
968,1471
968,1439
969,1691
969,1472
970,1851
971,1804
971,1763
971,1658
971,1616
971,1436
971,1379
971,1324
971,1095
972,1886
972,1843
972,1750
972,1663
972,1637
972,1597
972,1584
972,1503
972,1409
972,1272
972,1039
972,982
973,1741
973,1697
973,1563
973,1399
973,1320
973,1153
973,1126
973,1124
974,1066
975,1893
975,1794
975,1663
975,1483
975,1350
975,1158
975,1143
975,1130
976,1773
976,1554
976,1531
976,1454
976,1339
976,1334
976,1210
977,1904
977,1812
977,1496
977,1473
977,1095
978,1882
978,1765
978,1660
978,1656
978,1594
978,1443
978,1407
978,1293
978,1238
978,1195
978,1150
978,1123
978,1083
978,1001
980,1876
980,1639
980,1419
980,1201
981,1893
981,1844
981,1095
981,1081
982,1902
982,1768
982,1661
982,1470
982,1335
982,1248
983,1908
983,1886
983,1881
983,1672
983,1527
983,1516
983,1483
983,1471
983,1418
983,1294
983,1214
983,1209
983,1166
983,1018
984,1738
984,1728
984,1473
984,1296
984,1246
985,1845
985,1051
986,1869
986,1520
986,1391
986,1343
986,1228
987,1835
988,1821
988,1613
988,1467
988,1285
988,1167
989,1739
989,1612
989,1475
989,1159
989,1102
990,3406
990,3043
990,2712
990,1593
991,1883
991,1877
991,1819
991,1752
991,1538
991,1523
991,1337
991,1289
992,1807
992,1467
992,1137
993,1881
993,1846
993,1610
993,1453
993,1380
993,1320
993,1242
993,1234
994,1691
994,1661
994,1635
994,1221
994,1019
994,1010
995,1877
995,1685
995,1449
995,1402
995,1258
995,1230
995,1079
997,1894
997,1758
997,1670
997,1451
997,1271
997,1217
997,1184
997,1114
997,1107
998,1888
999,1894
999,1860
999,1734
999,1712
999,1689
999,1659
999,1630
999,1608
999,1298
999,1242
999,1091
1000,1783
1000,1634
1000,1284
1000,1072
1001,1885
1001,1867
1001,1813
1001,1763
1001,1679
1001,1459
1001,1420
1001,1331
1001,1329
1001,1302
1001,1130
1001,1083
1003,1758
1003,1669
1003,1604
1003,1485
1003,1375
1004,1902
1004,1863
1004,1821
1004,1758
1004,1734
1004,1712
1004,1673
1004,1578
1004,1556
1004,1424
1004,1397
1004,1288
1004,1238
1004,1196
1004,1114
1004,1058
1005,1869
1005,1738
1005,1606
1005,1296
1005,1100
1005,1070
1005,1021
1006,1894
1006,1738
1006,1723
1006,1557
1006,1420
1006,1048
1007,1671
1007,1609
1007,1587
1007,1550
1007,1536
1007,1009
1008,1107
1009,1582
1009,1309
1009,1120
1009,1108
1009,1032
1010,1783
1010,1743
1010,1742
1010,1531
1010,1526
1010,1490
1010,1309
1010,1227
1010,1106
1010,1072
1011,1903
1011,1727
1011,1545
1011,1495
1011,1375
1011,1315
1011,1308
1011,1221
1011,1135
1011,1051
1012,1898
1012,1809
1012,1790
1012,1516
1012,1483
1012,1454
1012,1411
1012,1397
1012,1340
1012,1321
1012,1205
1012,1041
1012,1024
1013,1773
1014,1739
1014,1507
1014,1480
1014,1438
1014,1415
1014,1371
1014,1366
1014,1318
1015,1850
1015,1728
1015,1286
1015,1103
1017,1891
1017,1769
1017,1765
1017,1540
1017,1436
1017,1359
1017,1086
1018,1787
1018,1738
1018,1507
1018,1492
1018,1481
1018,1122
1019,1794
1019,1729
1019,1686
1019,1495
1019,1146
1020,1694
1020,1573
1020,1490
1020,1479
1020,1431
1020,1406
1020,1375
1020,1153
1021,1886
1021,1872
1021,1761
1021,1668
1021,1584
1021,1420
1021,1223
1021,1219
1022,1463
1022,1377
1023,1898
1023,1290
1024,1909
1024,1866
1024,1827
1024,1721
1024,1700
1024,1653
1024,1608
1024,1553
1024,1522
1024,1520
1024,1452
1024,1425
1024,1375
1024,1258
1025,1867
1025,1628
1025,1612
1025,1589
1025,1551
1025,1443
1025,1359
1025,1185
1025,1041
1026,1878
1026,1789
1026,1782
1026,1723
1026,1660
1026,1620
1026,1618
1026,1605
1026,1580
1026,1505
1026,1340
1026,1289
1026,1273
1026,1267
1026,1262
1026,1201
1028,1871
1028,1816
1028,1639
1028,1619
1028,1594
1028,1528
1028,1422
1028,1419
1028,1302
1028,1280
1028,1090
1029,2609
1029,2215
1029,2087
1029,1754
1029,1694
1029,1632
1029,1605
1029,1569
1029,1547
1029,1439
1029,1388
1029,1367
1029,1291
1029,1184
1031,1813
1031,1136
1032,1906
1032,1897
1032,1749
1032,1709
1032,1653
1032,1646
1032,1537
1032,1528
1032,1418
1032,1392
1032,1321
1032,1222
1032,1129
1032,1125
1033,1085
1034,1476
1034,1301
1035,1829
1035,1644
1035,1634
1035,1473
1035,1294
1035,1284
1035,1154
1036,1888
1036,1887
1036,1884
1036,1839
1036,1778
1036,1721
1036,1683
1036,1582
1036,1545
1036,1436
1036,1256
1036,1198
1036,1059
1037,1571
1037,1348
1037,1309
1037,1260
1038,1823
1038,1652
1038,1329
1038,1185
1038,1122
1039,1902
1039,1793
1039,1757
1039,1741
1039,1643
1039,1557
1039,1538
1039,1523
1039,1336
1039,1209
1039,1052
1040,1811
1040,1535
1040,1369
1040,1336
1040,1308
1040,1305
1040,1250
1040,1242
1040,1185
1040,1095
1041,1672
1041,1649
1041,1106
1041,1099
1042,1907
1042,1184
1042,1141
1043,1779
1043,1685
1043,1535
1044,1910
1044,1875
1044,1862
1044,1578
1044,1489
1044,1292
1044,1086
1045,1835
1047,1888
1047,1858
1047,1819
1047,1809
1047,1702
1047,1614
1047,1553
1047,1547
1047,1405
1047,1399
1047,1305
1047,1083
1048,1641
1048,1562
1048,1344
1048,1258
1048,1207
1048,1133
1048,1112
1049,1886
1049,1799
1049,1717
1049,1711
1049,1707
1049,1613
1049,1591
1049,1527
1049,1497
1049,1483
1049,1473
1049,1398
1049,1336
1049,1283
1049,1235
1049,1228
1049,1214
1049,1155
1049,1132
1049,1114
1049,1106
1049,1092
1049,1088
1050,1539
1050,1402
1051,1888
1051,1850
1051,1833
1051,1792
1051,1770
1051,1179
1051,1055
1052,1910
1052,1880
1052,1855
1052,1773
1052,1677
1052,1645
1052,1632
1052,1572
1052,1557
1052,1503
1052,1439
1052,1427
1052,1413
1052,1380
1052,1347
1052,1308
1052,1291
1052,1289
1052,1271
1052,1129
1052,1093
1054,1870
1054,1823
1054,1783
1054,1781
1054,1750
1054,1712
1054,1531
1054,1402
1054,1374
1054,1299
1054,1289
1054,1273
1054,1182
1054,1172
1054,1112
1054,1066
1055,1683
1055,1621
1055,1590
1055,1467
1055,1390
1055,1192
1056,1636
1056,1514
1056,1497
1056,1470
1056,1195
1057,1824
1057,1686
1057,1382
1058,1659
1058,1538
1058,1205
1058,1181
1059,1909
1059,1675
1059,1412
1059,1374
1059,1371
1059,1230
1059,1159
1059,1123
1060,1332
1060,1129
1060,1101
1062,1887
1062,1768
1062,1718
1062,1659
1062,1459
1062,1329
1062,1256
1062,1138
1063,1741
1063,1646
1063,1623
1063,1584
1063,1524
1063,1513
1063,1509
1063,1172
1063,1160
1063,1092
1064,1766
1064,1338
1064,1149
1065,1873
1065,1596
1066,1879
1066,1877
1066,1737
1066,1725
1066,1672
1066,1648
1066,1583
1066,1551
1066,1475
1066,1469
1066,1315
1067,1801
1067,1781
1067,1602
1067,1557
1067,1508
1067,1492
1067,1316
1067,1215
1067,1158
1068,1911
1068,1885
1068,1874
1068,1846
1068,1775
1068,1714
1068,1628
1068,1566
1068,1542
1068,1523
1068,1447
1068,1379
1068,1341
1068,1306
1068,1209
1068,1184
1068,1183
1068,1155
1069,1911
1069,1908
1069,1289
1069,1243
1069,1209
1069,1117
1070,1873
1070,1695
1070,1302
1070,1299
1070,1230
1070,1226
1070,1192
1072,1672
1072,1166
1072,1089
1073,1511
1074,2598
1074,2560
1074,2530
1074,2509
1074,2253
1074,2095
1074,1948
1074,1806
1074,1722
1074,1680
1074,1637
1074,1619
1074,1614
1074,1613
1074,1572
1074,1563
1074,1487
1074,1349
1074,1248
1074,1187
1074,1156
1074,1152
1075,1902
1075,1839
1075,1810
1075,1807
1075,1722
1075,1646
1075,1293
1075,1165
1076,1765
1076,1487
1076,1473
1076,1463
1076,1456
1076,1405
1076,1266
1076,1180
1076,1155
1077,2609
1077,2198
1077,2193
1077,1833
1077,1519
1077,1195
1078,1767
1078,1540
1078,1539
1078,1528
1078,1472
1078,1460
1078,1441
1078,1417
1078,1116
1079,1857
1079,1842
1079,1814
1079,1638
1079,1582
1079,1561
1079,1401
1079,1322
1079,1197
1079,1191
1079,1164
1079,1152
1079,1113
1079,1084
1080,1901
1080,1347
1080,1330
1081,1812
1081,1703
1081,1582
1081,1550
1081,1348
1081,1281
1081,1186
1082,1619
1082,1372
1082,1349
1082,1341
1082,1320
1082,1282
1083,1782
1083,1769
1083,1688
1083,1608
1083,1584
1083,1497
1083,1467
1083,1175
1084,1771
1084,1653
1084,1617
1084,1393
1084,1175
1084,1156
1084,1114
1084,1091
1085,3803
1085,3783
1085,1813
1085,1447
1086,1890
1086,1828
1086,1774
1086,1771
1086,1635
1086,1551
1086,1515
1086,1501
1086,1497
1086,1492
1086,1442
1086,1220
1086,1191
1086,1159
1086,1155
1087,1534
1088,1877
1088,1781
1088,1328
1088,1187
1088,1136
1089,1869
1089,1347
1090,1906
1090,1750
1090,1412
1091,1877
1091,1779
1091,1707
1091,1659
1091,1575
1091,1535
1091,1417
1091,1361
1091,1317
1091,1219
1091,1125
1092,1885
1092,1839
1092,1699
1092,1689
1092,1470
1092,1458
1092,1427
1092,1423
1092,1389
1092,1267
1092,1156
1092,1153
1092,1132
1093,1903
1093,1507
1093,1357
1093,1294
1094,1778
1094,1709
1094,1536
1094,1514
1094,1380
1094,1214
1095,1707
1095,1682
1095,1613
1095,1557
1095,1382
1095,1361
1095,1219
1095,1127
1099,1794
1099,1767
1099,1587
1099,1516
1099,1408
1099,1279
1100,1404
1100,1271
1100,1128
1101,1908
1101,1734
1101,1721
1101,1305
1101,1267
1101,1198
1101,1122
1102,1872
1102,1790
1102,1575
1102,1235
1103,1738
1104,1470
1104,1417
1104,1246
1104,1143
1104,1128
1106,1899
1106,1861
1106,1706
1106,1604
1106,1547
1106,1491
1106,1487
1106,1475
1106,1432
1106,1420
1106,1343
1106,1159
1106,1114
1107,1897
1107,1729
1107,1347
1107,1143
1108,1628
1108,1550
1108,1545
1108,1448
1108,1322
1108,1257
1109,1768
1109,1635
1109,1525
1109,1502
1109,1306
1109,1304
1110,1789
1110,1683
1110,1617
1110,1549
1110,1480
1110,1335
1110,1330
1110,1293
1110,1261
1110,1230
1110,1183
1110,1123
1112,1885
1112,1852
1112,1712
1112,1517
1112,1516
1112,1393
1112,1334
1112,1272
1113,1812
1113,1334
1113,1329
1114,1772
1114,1673
1114,1665
1114,1605
1114,1377
1114,1369
1114,1333
1114,1287
1115,1649
1115,1569
1115,1286
1116,1883
1116,1625
1116,1533
1116,1467
1116,1465
1116,1407
1116,1370
1116,1207
1117,1698
1117,1684
1117,1652
1117,1597
1117,1549
1117,1445
1117,1401
1117,1269
1118,1502
1120,1903
1120,1720
1120,1691
1120,1495
1120,1393
1120,1381
1120,1355
1120,1303
1120,1278
1120,1269
1121,1338
1122,1864
1122,1768
1122,1753
1122,1717
1122,1617
1122,1606
1122,1600
1122,1459
1122,1335
1122,1238
1122,1160
1122,1142
1123,1860
1123,1852
1123,1787
1123,1609
1123,1473
1123,1278
1123,1138
1124,1717
1124,1402
1124,1374
1124,1365
1124,1358
1124,1297
1124,1291
1124,1229
1125,1894
1125,1794
1125,1703
1125,1559
1125,1536
1125,1517
1125,1402
1125,1393
1125,1331
1125,1257
1126,1711
1126,1679
1126,1571
1126,1532
1126,1528
1126,1525
1126,1283
1126,1205
1126,1150
1127,1828
1127,1584
1127,1503
1127,1298
1127,1175
1127,1169
1128,1814
1128,1712
1128,1655
1128,1481
1128,1454
1128,1364
1128,1221
1128,1190
1128,1151
1129,1896
1129,1893
1129,1565
1130,1858
1130,1835
1130,1672
1130,1643
1130,1613
1130,1590
1130,1589
1130,1540
1130,1537
1130,1433
1130,1423
1130,1416
1130,1367
1130,1355
1131,1827
1131,1766
1131,1681
1132,1894
1132,1782
1132,1650
1132,1425
1132,1402
1132,1366
1133,1707
1133,1663
1133,1398
1133,1160
1134,1358
1135,1894
1135,1864
1135,1846
1135,1808
1135,1651
1135,1631
1135,1600
1135,1453
1135,1217
1139,1525
1140,3398
1140,2760
1140,1476
1141,1740
1141,1622
1142,1611
1142,1595
1142,1575
1142,1167
1143,1823
1143,1820
1143,1673
1143,1652
1143,1525
1143,1284
1143,1267
1143,1222
1146,1905
1146,1902
1146,1836
1146,1750
1146,1711
1146,1673
1146,1456
1146,1453
1146,1442
1146,1429
1146,1339
1146,1317
1146,1201
1146,1153
1147,1911
1148,1894
1148,1741
1148,1536
1148,1469
1149,1849
1149,1832
1149,1829
1149,1706
1149,1702
1149,1614
1149,1513
1149,1404
1149,1247
1149,1231
1149,1212
1150,1457
1150,1160
1151,1843
1151,1813
1151,1632
1151,1580
1151,1520
1151,1457
1151,1263
1152,1894
1152,1864
1152,1624
1152,1376
1152,1211
1153,1813
1153,1765
1153,1535
1153,1425
1153,1423
1153,1404
1153,1321
1153,1215
1153,1198
1155,1850
1155,1849
1155,1694
1155,1565
1155,1514
1155,1388
1155,1357
1155,1324
1156,1613
1156,1595
1156,1467
1156,1436
1156,1341
1156,1220
1157,1395
1158,1876
1158,1762
1158,1740
1158,1706
1158,1682
1158,1565
1158,1492
1158,1472
1159,1835
1159,1720
1159,1542
1159,1495
1159,1482
1159,1385
1159,1215
1160,1821
1160,1746
1160,1737
1160,1734
1160,1658
1160,1563
1160,1547
1160,1509
1160,1272
1160,1267
1160,1172
1161,1584
1162,1323
1163,1843
1163,1799
1163,1745
1163,1718
1163,1653
1163,1520
1163,1405
1164,1910
1164,1891
1164,1833
1164,1746
1164,1580
1164,1517
1164,1501
1164,1447
1164,1173
1165,1722
1165,1622
1165,1620
1165,1485
1165,1460
1166,1482
1166,1379
1166,1281
1166,1215
1167,1901
1167,1893
1167,1812
1167,1575
1167,1417
1167,1277
1168,1871
1169,1781
1169,1584
1170,1735
1170,1724
1170,1281
1171,1861
1171,1811
1171,1775
1171,1750
1171,1573
1171,1330
1171,1313
1172,1909
1172,1672
1172,1660
1172,1574
1172,1452
1172,1436
1172,1336
1172,1334
1172,1316
1172,1178
1173,1701
1173,1658
1173,1569
1173,1545
1173,1528
1173,1525
1173,1365
1173,1226
1174,1615
1174,1593
1174,1461
1175,1909
1175,1897
1175,1722
1175,1623
1175,1580
1175,1569
1175,1407
1175,1340
1175,1250
1177,1444
1178,1600
1178,1344
1178,1290
1179,1731
1179,1526
1179,1271
1180,1796
1180,1787
1180,1778
1180,1758
1180,1754
1180,1678
1180,1610
1180,1449
1180,1405
1180,1217
1180,1211
1180,1204
1181,1735
1181,1668
1181,1520
1181,1247
1182,2510
1182,2498
1182,1926
1182,1867
1182,1600
1182,1573
1182,1556
1182,1505
1182,1447
1183,1888
1183,1808
1183,1742
1183,1685
1183,1638
1183,1620
1183,1481
1183,1327
1183,1231
1184,1883
1184,1722
1184,1646
1184,1591
1184,1573
1184,1570
1184,1535
1184,1529
1184,1518
1184,1483
1184,1442
1184,1219
1184,1205
1185,1811
1185,1769
1185,1694
1185,1620
1185,1614
1185,1461
1185,1413
1185,1207
1186,1747
1186,1515
1186,1436
1187,1860
1187,1816
1187,1757
1187,1619
1187,1570
1187,1458
1187,1447
1187,1391
1188,1855
1188,1802
1189,1868
1189,1786
1189,1768
1189,1600
1189,1580
1189,1571
1189,1520
1189,1497
1189,1284
1190,1261
1191,1900
1191,1724
1191,1660
1191,1540
1191,1520
1191,1436
1191,1339
1192,1860
1192,1735
1192,1673
1192,1630
1192,1491
1192,1456
1192,1431
1192,1356
1195,1849
1195,1789
1195,1771
1195,1718
1195,1689
1195,1651
1196,1886
1196,1868
1196,1810
1196,1665
1196,1604
1196,1530
1196,1523
1196,1460
1196,1398
1196,1302
1198,1821
1198,1718
1198,1639
1198,1520
1198,1517
1198,1487
1198,1369
1198,1305
1198,1293
1199,1773
1199,1739
1199,1646
1199,1569
1199,1561
1199,1544
1199,1401
1199,1292
1199,1220
1201,1488
1201,1390
1201,1282
1201,1247
1201,1239
1204,1898
1204,1872
1204,1778
1204,1582
1204,1381
1205,1877
1205,1795
1205,1757
1205,1700
1205,1652
1205,1562
1205,1533
1205,1274
1205,1262
1205,1214
1205,1212
1207,1721
1207,1679
1207,1669
1207,1659
1207,1608
1207,1491
1207,1247
1207,1221
1209,1799
1209,1793
1209,1674
1209,1530
1209,1517
1209,1457
1209,1321
1209,1303
1209,1293
1209,1285
1210,1903
1210,1899
1210,1677
1210,1545
1211,1870
1211,1561
1211,1369
1211,1365
1211,1344
1211,1261
1212,1876
1212,1765
1212,1763
1212,1554
1212,1388
1212,1332
1214,1809
1214,1734
1214,1724
1214,1696
1214,1529
1214,1491
1214,1457
1214,1416
1214,1340
1214,1288
1215,1906
1215,1875
1215,1789
1215,1448
1215,1396
1215,1381
1215,1267
1215,1230
1217,1810
1217,1799
1217,1739
1217,1518
1217,1472
1217,1437
1217,1429
1217,1333
1217,1222
1219,1905
1219,1757
1219,1642
1219,1605
1219,1543
1219,1471
1219,1318
1220,1819
1220,1662
1220,1551
1221,1833
1221,1828
1221,1773
1221,1619
1221,1351
1221,1258
1222,1911
1222,1870
1222,1807
1222,1799
1222,1794
1222,1721
1222,1645
1222,1617
1222,1485
1222,1441
1222,1417
1222,1366
1222,1298
1222,1250
1222,1237
1223,1896
1223,1681
1223,1580
1223,1547
1223,1514
1223,1471
1223,1375
1223,1364
1225,1818
1225,1658
1225,1525
1226,1895
1226,1807
1226,1662
1226,1635
1226,1543
1226,1436
1226,1385
1226,1249
1227,1751
1227,1661
1227,1565
1228,1472
1228,1365
1228,1321
1228,1260
1229,1907
1229,1887
1229,1725
1229,1680
1229,1608
1229,1322
1229,1273
1230,1863
1230,1796
1230,1591
1230,1590
1230,1518
1230,1513
1230,1503
1230,1485
1230,1480
1230,1471
1230,1416
1230,1405
1231,1906
1231,1699
1231,1598
1231,1470
1231,1392
1231,1309
1233,1462
1234,1807
1234,1541
1234,1334
1235,1767
1235,1732
1235,1637
1235,1489
1235,1396
1235,1294
1236,1277
1237,1850
1237,1829
1237,1678
1237,1656
1237,1653
1237,1628
1237,1620
1237,1435
1237,1405
1237,1388
1237,1289
1238,1874
1238,1870
1238,1810
1238,1765
1238,1680
1238,1618
1238,1590
1238,1532
1239,1839
1239,1761
1239,1750
1239,1725
1239,1598
1239,1524
1239,1390
1239,1302
1239,1290
1239,1256
1241,1794
1241,1736
1241,1614
1241,1508
1241,1492
1241,1396
1242,1879
1242,1860
1242,1818
1242,1765
1242,1734
1242,1699
1242,1668
1242,1665
1242,1632
1242,1563
1242,1532
1242,1469
1242,1443
1242,1439
1242,1398
1242,1335
1242,1281
1243,1789
1243,1752
1243,1622
1243,1573
1243,1565
1243,1346
1243,1340
1243,1332
1243,1288
1244,1260
1245,1785
1245,1636
1245,1631
1245,1622
1245,1587
1245,1571
1245,1438
1245,1426
1245,1413
1245,1412
1245,1273
1246,1873
1246,1583
1246,1502
1246,1495
1246,1492
1246,1432
1246,1431
1246,1381
1246,1309
1247,1888
1247,1809
1247,1715
1247,1653
1247,1650
1247,1488
1247,1347
1247,1316
1248,1794
1249,1694
1249,1525
1249,1504
1250,1894
1250,1823
1250,1809
1250,1767
1250,1735
1250,1651
1250,1618
1250,1571
1250,1556
1250,1369
1250,1359
1250,1305
1251,1519
1255,1877
1255,1844
1255,1674
1255,1646
1255,1556
1255,1444
1255,1411
1256,1867
1256,1819
1256,1793
1256,1513
1256,1469
1256,1427
1256,1280
1256,1266
1257,1878
1257,1682
1257,1536
1257,1364
1257,1336
1257,1279
1258,1749
1258,1644
1258,1575
1258,1454
1258,1399
1258,1387
1259,1884
1259,1778
1259,1713
1260,1837
1260,1481
1260,1455
1261,1725
1261,1662
1261,1591
1261,1460
1261,1444
1261,1313
1262,1532
1262,1291
1263,1674
1263,1637
1263,1515
1263,1285
1264,1308
1265,1902
1265,1772
1265,1675
1265,1659
1265,1559
1265,1457
1265,1366
1265,1351
1266,1877
1266,1796
1266,1605
1266,1577
1266,1570
1266,1375
1266,1289
1266,1272
1267,1852
1267,1772
1267,1692
1267,1683
1267,1673
1267,1554
1267,1551
1267,1503
1267,1427
1267,1416
1267,1356
1267,1329
1268,1694
1268,1543
1268,1399
1269,1809
1269,1783
1269,1758
1269,1692
1269,1665
1269,1620
1269,1561
1269,1532
1269,1285
1270,1435
1271,1518
1271,1467
1271,1344
1272,1909
1272,1877
1272,1864
1272,1683
1272,1652
1272,1623
1272,1621
1272,1458
1272,1339
1273,1694
1273,1616
1273,1549
1273,1284
1274,1610
1274,1377
1275,1891
1275,1751
1275,1646
1275,1595
1275,1357
1275,1347
1276,1861
1277,1813
1277,1771
1277,1606
1277,1481
1277,1299
1278,1858
1278,1736
1278,1621
1278,1580
1278,1554
1278,1520
1278,1423
1278,1408
1278,1397
1278,1376
1278,1290
1279,1881
1279,1862
1279,1859
1279,1764
1279,1751
1279,1525
1279,1473
1279,1316
1280,1881
1280,1843
1280,1805
1280,1774
1280,1734
1280,1578
1280,1484
1280,1440
1280,1329
1280,1289
1281,1899
1281,1794
1281,1338
1282,1680
1282,1611
1282,1338
1283,1886
1283,1861
1283,1845
1283,1604
1283,1471
1283,1467
1284,1616
1284,1556
1284,1522
1284,1429
1285,1811
1285,1804
1285,1584
1285,1559
1285,1513
1285,1451
1286,1824
1286,1727
1286,1699
1286,1654
1286,1636
1286,1587
1286,1533
1286,1507
1286,1396
1286,1373
1287,1618
1287,1575
1287,1501
1287,1457
1287,1398
1287,1384
1287,1376
1287,1341
1287,1336
1288,1864
1288,1676
1288,1672
1288,1497
1288,1467
1289,2538
1289,2420
1289,2347
1289,1898
1289,1849
1289,1727
1289,1724
1289,1536
1289,1485
1289,1457
1289,1393
1290,1902
1290,1839
1290,1789
1290,1723
1290,1685
1290,1623
1290,1595
1290,1571
1290,1561
1290,1422
1290,1417
1290,1372
1290,1350
1291,1911
1291,1851
1291,1782
1291,1731
1291,1723
1291,1472
1291,1417
1291,1388
1291,1343
1291,1336
1292,1870
1292,1821
1292,1812
1292,1724
1293,1911
1293,1836
1293,1821
1293,1786
1293,1771
1293,1724
1293,1637
1293,1571
1294,1872
1294,1800
1294,1761
1294,1574
1294,1459
1294,1447
1294,1415
1294,1371
1294,1316
1296,1829
1296,1502
1298,1820
1298,1729
1298,1682
1298,1534
1298,1473
1298,1436
1298,1405
1299,1591
1299,1529
1299,1481
1299,1418
1300,1819
1300,1790
1300,1592
1300,1533
1300,1392
1300,1330
1301,1863
1301,1610
1302,1909
1302,1691
1302,1528
1302,1480
1302,1439
1302,1400
1302,1338
1303,1857
1303,1592
1304,1343
1305,1600
1305,1598
1305,1596
1305,1595
1305,1551
1306,1887
1306,1770
1306,1435
1308,1863
1309,1907
1309,1654
1309,1630
1309,1504
1310,1852
1310,1746
1310,1444
1310,1333
1311,1895
1311,1818
1311,1423
1311,1355
1312,1662
1312,1656
1312,1618
1312,1551
1312,1360
1313,1881
1313,1472
1313,1316
1314,1892
1314,1686
1314,1505
1315,1859
1315,1794
1315,1495
1315,1429
1315,1350
1316,1841
1316,1795
1316,1751
1316,1683
1316,1648
1317,1861
1317,1736
1317,1705
1317,1622
1317,1484
1317,1391
1318,1783
1318,1761
1318,1756
1318,1715
1318,1592
1318,1516
1319,1397
1320,1807
1320,1671
1320,1539
1320,1507
1320,1504
1321,1846
1321,1842
1321,1708
1321,1603
1321,1351
1322,1688
1322,1613
1323,1832
1323,1800
1323,1750
1323,1681
1323,1618
1323,1571
1323,1522
1323,1471
1323,1391
1327,1842
1327,1613
1327,1440
1328,1340
1329,1816
1329,1724
1329,1678
1329,1661
1329,1580
1329,1340
1330,1882
1330,1864
1330,1817
1330,1805
1330,1763
1330,1612
1330,1564
1330,1470
1330,1402
1331,1870
1331,1863
1331,1832
1331,1799
1331,1757
1331,1683
1331,1604
1331,1583
1331,1573
1331,1525
1331,1517
1332,1849
1332,1637
1332,1526
1332,1431
1332,1389
1332,1356
1334,1789
1334,1772
1334,1545
1334,1522
1334,1461
1334,1441
1334,1418
1334,1339
1335,1891
1335,1846
1335,1830
1335,1829
1335,1791
1335,1614
1335,1542
1336,1842
1336,1832
1336,1804
1336,1773
1336,1769
1336,1444
1337,1818
1337,1806
1337,1779
1337,1769
1337,1750
1337,1603
1337,1420
1338,1732
1338,1720
1338,1688
1338,1551
1339,1845
1339,1767
1339,1725
1339,1675
1339,1672
1339,1639
1339,1619
1339,1605
1339,1559
1339,1509
1339,1458
1339,1444
1339,1360
1340,1843
1340,1813
1341,1906
1341,1819
1341,1792
1341,1662
1341,1524
1343,1882
1343,1861
1343,1770
1343,1711
1343,1652
1343,1607
1343,1488
1343,1376
1343,1347
1344,1911
1344,1848
1344,1675
1344,1624
1344,1608
1344,1549
1345,1799
1345,1750
1345,1509
1345,1416
1346,1517
1346,1397
1347,1500
1347,1381
1348,1888
1348,1848
1348,1497
1348,1470
1349,1819
1349,1812
1349,1661
1349,1599
1349,1459
1350,1714
1350,1554
1350,1381
1351,1734
1351,1600
1351,1542
1351,1429
1351,1417
1351,1370
1352,1877
1352,1807
1352,1774
1352,1740
1352,1524
1352,1364
1355,1864
1355,1469
1356,1870
1356,1761
1356,1748
1356,1662
1356,1622
1356,1569
1357,1559
1357,1444
1357,1431
1357,1376
1358,1899
1358,1831
1358,1776
1358,1750
1358,1720
1358,1682
1358,1454
1358,1420
1359,1809
1359,1782
1359,1779
1359,1764
1359,1651
1359,1556
1359,1460
1360,1800
1360,1750
1360,1722
1360,1639
1360,1590
1360,1520
1361,2419
1361,2250
1361,2134
1361,2081
1361,2028
1361,1877
1361,1773
1361,1656
1361,1544
1361,1451
1361,1397
1361,1389
1364,1709
1364,1457
1365,1779
1365,1734
1365,1439
1365,1390
1366,1899
1366,1863
1367,1883
1367,1881
1367,1821
1367,1817
1367,1778
1367,1703
1367,1637
1367,1444
1367,1417
1367,1397
1369,2196
1369,1898
1369,1858
1369,1768
1369,1730
1369,1643
1369,1562
1369,1557
1369,1458
1369,1417
1370,1911
1370,1782
1370,1771
1370,1717
1370,1688
1370,1539
1370,1519
1370,1509
1370,1458
1371,1842
1371,1795
1371,1649
1373,1888
1373,1830
1373,1763
1373,1528
1373,1487
1373,1444
1373,1414
1374,1824
1374,1804
1374,1575
1374,1393
1374,1391
1375,1879
1375,1835
1375,1813
1375,1689
1375,1671
1375,1632
1376,1699
1376,1670
1376,1533
1376,1436
1376,1434
1377,2336
1377,1901
1377,1807
1377,1547
1377,1462
1377,1437
1377,1401
1379,1751
1379,1706
1379,1584
1379,1514
1379,1414
1379,1381
1380,1877
1380,1853
1380,1819
1380,1768
1380,1698
1380,1614
1381,1886
1381,1862
1381,1692
1381,1408
1382,1686
1382,1638
1382,1472
1384,1458
1384,1419
1384,1393
1385,1599
1385,1569
1385,1542
1385,1487
1387,1574
1388,1911
1388,1830
1388,1724
1388,1672
1388,1621
1388,1610
1388,1501
1389,1833
1389,1793
1389,1652
1389,1473
1389,1408
1389,1405
1390,1898
1390,1614
1391,1794
1391,1772
1391,1398
1392,1654
1392,1404
1393,2351
1393,1849
1393,1652
1393,1622
1393,1614
1393,1574
1393,1457
1396,1706
1396,1688
1396,1673
1396,1426
1397,1862
1397,1778
1397,1729
1397,1712
1397,1582
1398,1911
1398,1879
1398,1791
1398,1637
1398,1617
1398,1597
1398,1594
1398,1573
1398,1439
1398,1427
1399,1886
1399,1811
1399,1779
1399,1762
1399,1717
1399,1542
1399,1528
1399,1470
1399,1434
1399,1412
1400,1409
1401,1851
1401,1816
1401,1658
1401,1522
1401,1456
1402,1843
1402,1819
1402,1608
1402,1585
1404,1764
1404,1735
1404,1721
1404,1707
1404,1682
1404,1525
1404,1471
1404,1440
1404,1417
1405,3277
1405,3102
1405,2947
1405,2871
1405,2755
1405,1839
1405,1833
1405,1737
1405,1674
1406,1691
1406,1601
1406,1487
1407,1825
1407,1659
1407,1644
1407,1639
1407,1584
1407,1543
1407,1457
1408,1594
1408,1576
1409,1901
1409,1761
1409,1740
1409,1610
1409,1562
1409,1522
1409,1479
1410,1806
1410,1615
1411,1547
1412,1646
1412,1538
1412,1438
1413,1794
1413,1523
1414,1502
1415,1888
1415,1547
1415,1483
1416,1823
1416,1754
1416,1738
1416,1673
1416,1569
1416,1563
1416,1461
1417,1888
1417,1862
1417,1613
1417,1532
1417,1480
1418,1761
1418,1750
1418,1532
1418,1507
1418,1423
1419,3419
1419,3222
1419,3035
1419,2973
1419,1827
1419,1712
1419,1561
1420,1845
1420,1574
1420,1573
1420,1542
1422,1795
1422,1597
1422,1559
1422,1557
1423,1730
1423,1587
1423,1547
1423,1469
1424,1867
1424,1782
1424,1774
1424,1673
1424,1572
1424,1564
1425,1636
1426,1438
1427,1753
1427,1591
1427,1507
1427,1504
1427,1462
1428,1848
1428,1829
1429,1907
1429,1906
1429,1750
1429,1737
1429,1633
1429,1595
1431,1876
1431,1811
1431,1783
1431,1769
1431,1498
1431,1485
1431,1465
1432,1682
1434,1623
1434,1501
1434,1471
1435,1861
1435,1793
1435,1780
1435,1554
1435,1528
1435,1453
1436,1864
1436,1712
1436,1709
1436,1689
1437,1809
1437,1796
1437,1720
1437,1717
1437,1643
1437,1612
1437,1458
1437,1457
1438,1515
1439,1858
1439,1740
1439,1470
1440,1769
1440,1761
1440,1754
1440,1665
1440,1609
1440,1557
1440,1467
1441,1883
1441,1689
1441,1516
1441,1509
1441,1447
1442,1861
1443,1783
1443,1672
1443,1646
1444,1885
1444,1840
1444,1826
1444,1791
1444,1696
1444,1661
1444,1449
1445,1447
1446,1785
1446,1740
1446,1686
1447,1832
1447,1620
1448,1875
1448,1862
1448,1545
1448,1533
1448,1492
1449,1818
1449,1817
1449,1621
1449,1600
1449,1563
1450,2822
1450,2688
1450,2678
1450,1849
1450,1793
1451,1827
1451,1812
1451,1745
1452,1842
1452,1614
1453,1895
1453,1882
1453,1725
1453,1630
1453,1600
1453,1591
1453,1520
1453,1479
1454,1903
1454,1896
1454,1884
1454,1794
1454,1725
1454,1536
1454,1526
1455,1773
1455,1665
1456,1908
1456,1846
1456,1522
1457,1902
1457,1863
1457,1791
1457,1738
1457,1594
1457,1539
1457,1522
1458,1811
1458,1810
1458,1734
1458,1689
1458,1594
1459,1659
1460,1898
1460,1836
1460,1832
1461,1791
1461,1711
1461,1675
1461,1618
1461,1609
1461,1604
1461,1597
1461,1509
1462,1725
1462,1566
1463,1882
1463,1844
1463,1763
1463,1742
1463,1735
1463,1689
1463,1663
1464,1813
1464,1515
1465,2631
1465,2616
1465,2594
1465,2552
1465,2537
1465,2469
1465,2433
1465,2377
1465,2358
1465,2271
1465,2241
1465,2224
1465,2143
1465,2123
1465,2112
1465,2108
1465,2009
1465,1946
1465,1931
1465,1926
1465,1916
1465,1777
1465,1761
1465,1662
1465,1524
1467,1905
1467,1891
1467,1853
1467,1780
1467,1779
1467,1684
1467,1675
1467,1665
1469,1903
1469,1816
1469,1793
1469,1714
1469,1692
1469,1673
1469,1596
1469,1480
1470,1818
1470,1779
1470,1750
1470,1734
1470,1673
1470,1614
1470,1542
1470,1528
1471,1791
1471,1769
1471,1718
1471,1552
1471,1520
1471,1481
1471,1473
1472,1820
1472,1751
1473,1800
1473,1628
1473,1620
1473,1532
1475,1824
1475,1526
1475,1514
1475,1489
1475,1487
1477,1905
1477,1771
1479,1496
1480,1780
1480,1585
1480,1563
1480,1528
1480,1522
1481,1664
1481,1654
1481,1638
1481,1502
1482,1781
1483,1774
1483,1650
1483,1611
1484,1902
1484,1886
1484,1836
1484,1730
1484,1572
1484,1554
1485,1860
1485,1771
1485,1711
1485,1663
1487,1791
1487,1734
1487,1704
1487,1683
1487,1611
1487,1526
1488,1891
1488,1851
1488,1805
1488,1710
1488,1688
1488,1612
1488,1603
1488,1572
1488,1563
1490,1876
1490,1543
1491,1780
1491,1609
1492,1905
1492,1810
1492,1538
1492,1526
1493,1892
1494,1819
1495,1866
1495,1848
1495,1841
1495,1587
1495,1503
1496,1833
1496,1654
1496,1620
1496,1549
1497,1851
1497,1828
1497,1789
1497,1768
1497,1767
1497,1638
1497,1625
1497,1588
1497,1512
1498,1819
1498,1572
1500,1895
1500,1840
1500,1760
1501,1782
1502,1839
1502,1611
1503,1872
1504,1895
1504,1848
1504,1515
1505,3397
1505,3396
1505,3242
1505,2661
1505,1663
1506,1724
1506,1536
1507,1733
1507,1633
1507,1556
1508,1853
1508,1828
1508,1603
1508,1513
1509,1700
1509,1644
1509,1580
1509,1561
1512,1844
1512,1809
1512,1607
1513,1722
1513,1705
1513,1665
1513,1663
1513,1564
1513,1530
1514,1872
1514,1732
1514,1631
1514,1591
1515,1686
1515,1645
1516,1847
1516,1843
1516,1765
1516,1762
1516,1734
1516,1666
1517,1863
1517,1754
1517,1562
1517,1544
1517,1540
1518,1553
1519,1778
1519,1737
1519,1718
1520,1886
1520,1860
1520,1735
1520,1702
1520,1688
1521,2223
1522,1891
1522,1863
1522,1806
1522,1721
1522,1566
1522,1529
1523,1860
1523,1779
1523,1620
1523,1608
1524,2543
1524,1868
1524,1857
1524,1833
1524,1674
1524,1619
1525,1575
1526,1882
1526,1870
1526,1773
1526,1658
1527,1626
1528,1761
1528,1741
1528,1610
1529,1735
1529,1732
1529,1656
1529,1539
1530,1911
1530,1741
1531,1843
1531,1810
1531,1780
1532,1879
1532,1839
1532,1686
1532,1612
1532,1610
1532,1566
1533,1622
1534,3404
1534,3164
1534,3110
1534,2803
1534,1837
1534,1827
1534,1800
1534,1653
1534,1571
1535,1888
1535,1852
1535,1821
1535,1734
1535,1630
1535,1621
1536,1768
1536,1767
1536,1714
1536,1646
1536,1644
1537,1752
1537,1610
1537,1557
1537,1547
1538,1898
1538,1877
1538,1823
1538,1818
1538,1795
1538,1753
1539,1894
1539,1858
1539,1717
1539,1665
1540,1842
1540,1831
1540,1721
1540,1605
1540,1559
1541,1818
1541,1549
1542,1778
1542,1750
1542,1734
1542,1574
1543,1899
1543,1820
1543,1699
1543,1673
1543,1584
1544,1551
1545,1766
1545,1630
1545,1559
1547,1875
1547,1870
1547,1692
1547,1680
1547,1632
1547,1565
1548,1709
1549,1898
1550,1820
1550,1790
1550,1667
1550,1661
1551,1882
1551,1795
1551,1779
1551,1666
1551,1646
1552,1864
1552,1741
1552,1570
1553,1800
1553,1737
1553,1651
1554,1900
1554,1860
1554,1820
1554,1816
1554,1771
1554,1604
1554,1578
1556,1864
1556,1817
1556,1639
1556,1617
1557,1808
1557,1652
1557,1639
1559,1763
1559,1722
1559,1661
1559,1626
1559,1571
1561,1888
1561,1800
1561,1757
1561,1589
1562,1678
1562,1603
1562,1570
1563,1879
1563,1823
1563,1796
1563,1734
1563,1680
1563,1597
1563,1595
1564,1843
1564,1819
1564,1718
1564,1652
1565,1774
1565,1714
1566,1885
1567,1839
1567,1621
1567,1585
1567,1579
1568,1709
1569,1608
1570,1882
1570,1746
1570,1662
1570,1575
1571,1734
1571,1678
1571,1660
1571,1599
1572,1891
1572,1782
1572,1768
1572,1680
1572,1639
1573,1843
1573,1816
1573,1801
1573,1753
1573,1647
1574,1899
1574,1853
1574,1841
1574,1745
1575,1881
1575,1793
1575,1759
1575,1746
1575,1673
1576,1897
1577,2630
1577,2593
1577,2584
1577,2557
1577,2546
1577,2506
1577,2479
1577,2427
1577,2396
1577,2364
1577,2129
1577,2090
1577,2065
1577,1929
1577,1925
1577,1833
1577,1688
1577,1683
1578,1873
1578,1659
1579,1866
1580,1909
1580,1863
1580,1809
1580,1761
1580,1702
1580,1679
1580,1666
1582,1903
1582,1887
1583,1821
1583,1818
1583,1794
1583,1790
1584,1742
1584,1651
1585,1800
1585,1771
1587,1866
1587,1679
1587,1603
1588,1791
1588,1683
1589,1852
1589,1828
1589,1797
1589,1745
1590,1907
1590,1864
1590,1845
1590,1772
1591,1850
1591,1844
1591,1710
1591,1694
1592,1630
1593,1719
1594,1608
1595,1888
1595,1864
1595,1773
1595,1761
1595,1714
1595,1700
1595,1663
1596,1599
1597,1872
1597,1871
1597,1861
1597,1788
1597,1786
1597,1702
1598,1836
1598,1821
1598,1703
1598,1643
1598,1608
1599,1842
1599,1745
1599,1692
1600,1860
1600,1767
1600,1765
1600,1753
1600,1722
1600,1668
1600,1630
1600,1625
1602,1692
1603,1846
1603,1807
1603,1718
1603,1688
1603,1659
1604,1858
1604,1823
1604,1761
1604,1715
1604,1630
1605,1810
1605,1783
1605,1688
1606,1878
1606,1827
1608,1811
1608,1644
1609,1618
1610,1691
1610,1689
1610,1684
1610,1658
1611,1893
1611,1714
1611,1684
1612,1909
1612,1898
1612,1809
1612,1620
1613,1877
1613,1771
1613,1742
1613,1678
1614,1818
1614,1685
1615,1719
1616,1907
1617,2410
1618,2642
1618,2102
1618,1849
1618,1698
1619,1830
1619,1791
1619,1740
1620,1741
1621,1864
1621,1794
1621,1727
1621,1711
1621,1691
1622,1898
1622,1890
1622,1646
1623,1839
1623,1835
1623,1726
1623,1658
1624,1818
1624,1751
1625,1885
1626,1881
1626,1819
1626,1797
1626,1753
1626,1644
1628,1751
1628,1681
1630,1871
1630,1839
1630,1814
1630,1668
1630,1639
1632,1712
1634,1901
1634,1783
1636,1828
1636,1812
1636,1794
1636,1783
1636,1723
1636,1691
1636,1679
1637,1877
1637,1864
1637,1827
1637,1722
1637,1696
1638,1875
1638,1844
1639,1909
1639,1860
1639,1797
1639,1752
1641,1644
1642,3205
1642,3111
1642,3049
1642,2830
1642,1701
1643,1849
1644,1893
1644,1849
1644,1835
1644,1663
1646,1891
1646,1879
1646,1826
1647,1828
1647,1727
1647,1649
1649,1830
1651,1846
1652,1726
1652,1723
1652,1674
1652,1663
1653,1863
1653,1791
1653,1679
1653,1658
1654,1819
1656,3379
1656,3189
1658,1835
1658,1832
1658,1728
1658,1727
1658,1675
1659,1911
1659,1885
1659,1879
1659,1860
1659,1849
1659,1799
1659,1669
1659,1663
1661,1761
1661,1740
1662,1758
1662,1753
1662,1731
1663,2031
1663,1845
1663,1751
1665,1846
1665,1761
1665,1710
1666,3343
1666,3272
1666,3239
1666,1679
1667,1704
1668,1783
1669,2135
1669,1818
1669,1754
1670,1868
1670,1861
1670,1799
1671,1682
1673,1910
1673,1728
1674,1902
1675,1842
1675,1771
1676,1698
1677,1861
1677,1778
1678,1707
1679,1816
1679,1740
1680,1907
1680,1882
1680,1881
1680,1870
1680,1790
1681,1755
1682,1875
1683,1793
1685,1849
1685,1819
1685,1818
1686,1734
1687,1754
1688,1879
1688,1722
1689,1811
1689,1783
1689,1771
1691,1869
1692,1827
1692,1753
1695,1742
1695,1740
1697,1866
1697,1835
1697,1817
1698,1778
1699,1895
1699,1894
1699,1828
1699,1820
1699,1818
1700,1886
1702,2072
1702,1771
1702,1712
1703,1878
1703,1837
1704,1859
1706,1833
1706,1775
1706,1709
1707,1941
1709,1794
1709,1745
1709,1729
1710,1810
1711,1861
1711,1765
1712,1826
1712,1810
1712,1775
1712,1734
1714,1843
1715,1839
1716,1729
1717,1852
1717,1851
1717,1847
1717,1839
1718,2613
1718,2546
1718,2542
1718,2390
1718,2384
1718,2378
1718,2338
1718,2331
1718,2234
1718,2230
1718,2220
1718,2150
1718,2126
1718,2108
1718,2078
1718,2066
1718,1979
1718,1972
1718,1853
1721,1864
1721,1831
1722,1905
1722,1886
1722,1793
1722,1753
1723,1899
1723,1883
1724,1885
1724,1858
1724,1754
1725,1857
1725,1848
1726,3422
1726,3397
1726,2661
1726,1746
1727,1864
1727,1832
1729,1857
1730,2336
1730,1738
1731,1885
1731,1877
1731,1835
1731,1753
1732,1861
1733,1770
1734,1863
1734,1851
1734,1842
1734,1832
1735,1814
1735,1795
1735,1737
1736,1868
1737,1823
1737,1779
1738,1901
1738,1871
1739,1820
1740,1765
1741,1821
1743,1875
1745,1790
1746,1900
1748,1876
1750,1878
1750,1861
1751,1833
1753,1879
1753,1809
1754,1844
1754,1839
1757,1789
1758,3007
1758,2823
1758,1791
1763,1811
1764,1873
1765,1888
1765,1874
1765,1863
1765,1800
1765,1775
1767,1882
1767,1831
1770,1877
1770,1793
1771,1899
1774,1883
1774,1819
1774,1793
1777,1831
1779,1846
1780,1851
1780,1795
1780,1783
1781,1867
1781,1827
1782,1863
1783,1850
1785,1823
1786,1844
1786,1837
1789,1797
1790,1875
1790,1833
1790,1813
1793,1898
1794,1846
1795,1858
1795,1849
1796,1832
1799,2543
1799,1876
1799,1856
1799,1814
1799,1812
1800,1805
1801,1886
1801,1872
1802,1894
1805,1861
1805,1851
1805,1823
1807,1846
1807,1814
1809,1858
1811,1826
1813,1843
1818,1871
1818,1833
1819,1824
1820,1887
1820,1862
1820,1826
1821,1874
1823,1852
1824,1887
1826,1883
1829,1897
1830,1849
1831,1881
1833,1852
1835,1911
1835,1836
1840,1850
1841,1894
1841,1893
1842,1901
1842,1845
1845,1879
1845,1858
1848,1858
1849,1898
1853,1901
1853,1878
1853,1874
1855,1876
1857,1875
1858,3410
1858,1879
1860,1864
1861,1900
1875,1907
1879,2135
1886,1900
1905,1909
1909,2336
1909,2117
1911,2543
1913,2540
1913,2537
1913,2294
1913,2144
1913,2110
1913,1964
1914,2555
1914,2203
1914,2137
1916,2525
1916,2524
1916,2506
1916,2473
1916,2443
1916,2353
1916,2348
1916,2268
1916,2188
1916,2127
1916,2083
1916,1920
1917,2628
1917,2581
1917,2449
1917,2272
1917,2192
1917,2141
1917,2065
1917,1926
1918,2524
1918,2414
1918,2132
1918,2111
1918,1986
1918,1945
1919,2555
1919,2533
1919,2417
1919,2267
1920,2606
1920,2495
1920,2479
1920,2429
1920,2413
1920,2260
1920,2140
1920,2122
1920,2083
1920,2064
1920,2043
1920,1951
1920,1938
1921,2578
1921,2573
1921,2417
1921,2184
1921,2153
1921,2144
1921,1931
1922,2226
1923,2587
1923,2503
1923,2496
1923,2488
1923,2385
1923,2368
1923,2366
1923,2193
1923,2111
1923,2074
1923,1983
1924,2627
1924,2395
1924,2363
1924,2300
1924,2109
1924,2090
1924,2071
1924,1926
1925,2592
1925,2557
1925,2526
1925,2471
1925,2468
1925,2390
1925,2308
1925,2289
1925,2253
1925,2081
1925,2072
1925,2039
1925,1962
1926,2565
1926,2516
1926,2376
1926,2234
1926,2196
1926,2103
1926,1977
1926,1962
1926,1942
1927,2537
1927,2377
1927,2292
1927,2243
1927,2025
1928,2473
1928,2385
1928,2225
1928,2138
1928,2125
1928,1935
1929,2563
1929,2510
1929,2367
1929,2299
1929,2264
1929,2237
1929,2208
1929,2081
1930,2589
1930,2582
1930,2543
1930,2445
1930,2390
1930,2296
1930,2224
1930,2198
1930,2189
1930,2054
1930,2028
1931,2330
1931,2209
1931,2163
1931,2138
1931,2052
1932,2588
1932,2519
1932,2498
1932,2446
1932,2414
1932,2376
1932,2306
1932,2290
1932,2274
1932,2252
1932,2233
1932,2190
1932,2164
1932,2128
1932,2021
1932,1970
1932,1951
1933,2455
1933,2316
1933,2152
1934,2576
1934,1970
1935,2479
1935,2463
1935,2343
1935,2007
1936,2646
1936,2642
1936,2233
1938,2582
1938,2546
1938,2423
1938,2415
1938,2148
1938,2092
1938,2072
1939,2536
1939,2342
1939,2340
1939,2268
1939,2244
1939,2233
1939,2200
1939,2175
1939,2141
1939,2123
1939,1968
1940,2605
1940,2449
1940,2404
1940,2386
1940,2332
1940,2299
1940,2290
1940,2285
1940,2274
1940,2242
1940,2206
1940,2144
1940,2089
1940,1955
1941,2652
1941,2419
1941,2397
1941,2376
1941,2374
1941,2341
1941,2274
1941,2190
1941,2115
1941,2067
1941,1952
1942,2623
1942,2606
1942,2469
1942,2418
1942,2363
1942,2304
1942,2123
1942,2111
1942,1946
1943,2642
1943,2515
1943,2419
1943,2333
1943,2258
1943,2241
1943,2210
1943,2198
1943,1989
1943,1955
1944,2609
1944,2559
1944,2519
1944,2509
1944,2504
1944,2465
1944,2305
1944,2287
1944,2219
1944,2111
1944,2032
1945,2653
1945,2620
1945,2577
1945,2529
1945,2492
1945,2462
1945,2387
1945,2369
1945,2364
1945,2348
1945,2271
1945,2131
1945,2030
1946,2653
1946,2529
1946,2327
1946,2300
1946,2250
1946,2234
1946,2057
1946,1981
1946,1947
1947,2568
1947,2560
1947,2526
1947,2519
1947,2460
1947,2404
1947,2357
1947,2307
1947,2302
1947,2291
1947,2163
1947,2131
1947,2109
1947,1984
1947,1963
1948,2538
1948,2537
1948,2416
1948,2380
1948,2306
1948,2268
1948,2259
1948,2208
1948,2132
1948,1979
1949,2497
1949,2038
1949,1960
1950,2543
1950,2297
1950,2020
1950,1976
1951,2246
1951,2174
1951,2141
1952,2624
1952,2559
1952,2528
1952,2415
1952,2387
1952,2351
1952,2339
1952,2300
1952,2261
1952,2075
1953,2628
1953,2594
1953,2582
1953,2561
1953,2531
1953,2498
1953,2353
1953,2253
1953,2194
1953,2191
1953,2110
1953,2096
1953,1987
1953,1984
1954,2592
1954,2546
1954,2511
1954,2510
1954,2420
1954,2385
1954,2314
1954,2299
1954,2183
1954,2134
1954,2025
1955,2657
1955,2601
1955,2557
1955,2374
1955,2286
1955,2172
1955,2103
1955,2021
1955,1984
1955,1974
1955,1964
1957,2392
1957,2328
1957,2022
1957,2013
1959,2589
1959,2579
1959,2561
1959,2560
1959,2447
1959,2423
1959,2414
1959,2377
1959,2345
1959,2233
1959,2214
1959,2184
1959,2127
1959,2086
1960,2329
1960,2260
1960,2232
1960,2227
1960,2201
1960,2196
1961,2608
1961,2592
1961,2589
1961,2508
1961,2429
1961,2327
1961,2294
1961,2283
1961,2062
1961,2010
1962,2544
1962,2387
1962,2355
1962,2341
1962,2048
1963,2584
1963,2486
1963,2467
1963,2465
1963,2419
1963,2268
1963,2216
1963,2203
1963,2092
1963,2053
1963,2048
1963,2044
1964,2598
1964,2556
1964,2501
1964,2493
1964,2393
1964,2368
1964,2273
1965,2591
1965,2503
1965,2456
1965,2338
1965,2296
1965,2125
1965,2118
1965,2043
1965,2019
1966,2638
1966,2606
1966,2592
1966,2556
1966,2465
1966,2364
1966,2239
1966,2055
1968,2636
1968,2524
1968,2347
1968,2151
1969,2586
1969,2461
1969,2423
1969,2351
1969,2310
1969,2276
1969,2246
1969,2239
1969,2143
1969,2132
1970,2654
1970,2636
1970,2597
1970,2544
1970,2510
1970,2482
1970,2472
1970,2307
1970,2285
1970,2205
1970,2073
1971,2473
1971,2401
1971,2292
1971,2183
1971,2148
1971,2070
1972,2608
1972,2465
1972,2325
1972,2313
1972,2294
1972,2250
1972,2110
1973,2555
1973,2509
1973,2315
1973,2210
1973,2155
1973,2134
1973,2078
1973,2010
1974,2282
1974,2111
1975,2617
1975,2501
1975,2455
1975,2371
1975,2304
1975,2289
1976,2658
1976,2543
1976,2479
1976,2400
1976,2209
1976,2185
1976,2047
1976,2005
1977,2514
1977,2289
1977,2110
1977,2007
1978,2612
1978,2313
1978,2279
1978,2085
1978,2028
1979,2511
1979,2372
1979,2350
1979,2327
1979,2272
1979,2226
1979,2157
1979,2143
1980,2547
1980,2268
1981,2582
1981,2561
1981,2445
1981,2406
1981,2369
1981,2315
1981,2296
1981,2265
1981,2210
1981,2205
1981,2177
1981,2121
1981,2048
1981,1985
1982,2605
1982,2072
1982,2068
1983,2598
1983,2597
1983,2538
1983,2443
1983,2344
1983,2289
1983,2164
1983,2136
1984,2567
1984,2512
1984,2463
1984,2359
1984,2353
1984,2250
1984,2179
1984,2163
1984,2154
1985,2628
1985,2438
1985,2426
1985,2362
1985,2312
1985,2304
1985,2272
1985,2257
1985,2248
1985,2214
1985,2187
1985,2171
1985,2102
1986,2578
1986,2419
1986,2379
1986,2372
1986,2332
1986,2273
1986,2242
1986,2237
1986,2196
1986,2176
1986,2148
1987,2644
1987,2544
1987,2299
1987,2292
1987,2284
1987,2259
1987,2238
1987,2200
1987,2023
1987,1991
1988,2619
1988,2465
1988,2344
1988,2149
1988,2128
1988,2102
1989,2536
1989,2495
1989,2425
1989,2420
1989,2396
1989,2338
1989,2334
1989,2328
1989,2320
1989,2261
1989,2240
1989,2144
1989,2026
1990,2181
1991,2153
1991,2075
1991,1999
1993,2618
1993,2510
1993,2438
1993,2415
1993,2335
1993,2273
1993,2221
1993,2183
1993,2058
1994,2624
1994,2613
1994,2612
1994,2579
1994,2529
1994,2474
1994,2433
1994,2398
1994,2394
1994,2350
1994,2323
1994,2316
1994,2308
1994,2280
1994,2223
1994,2121
1994,2119
1994,2116
1994,2107
1994,2056
1994,2045
1994,2029
1995,2643
1995,2610
1995,2082
1995,2038
1996,2246
1997,2631
1997,2628
1997,2536
1997,2489
1997,2460
1997,2376
1997,2370
1997,2280
1997,2250
1997,2116
1998,2327
1998,2148
1998,2138
1999,2626
1999,2510
1999,2183
2001,2589
2001,2148
2002,2641
2002,2573
2002,2556
2002,2547
2002,2359
2002,2325
2002,2237
2002,2173
2002,2163
2002,2138
2003,2597
2003,2549
2003,2500
2003,2154
2003,2149
2003,2136
2003,2135
2004,2617
2004,2608
2004,2498
2004,2414
2004,2272
2004,2163
2004,2042
2004,2011
2005,2659
2005,2652
2005,2429
2005,2259
2005,2109
2005,2072
2005,2013
2006,2512
2006,2440
2006,2398
2007,2659
2007,2640
2007,2618
2007,2612
2007,2605
2007,2568
2007,2465
2007,2423
2007,2415
2007,2386
2007,2362
2007,2356
2007,2315
2007,2304
2007,2244
2007,2024
2008,2525
2008,2405
2008,2314
2009,2652
2009,2625
2009,2590
2009,2474
2009,2194
2010,2637
2010,2620
2010,2546
2010,2510
2010,2400
2010,2394
2010,2275
2010,2271
2010,2235
2010,2214
2010,2188
2010,2084
2010,2080
2011,2538
2011,2491
2011,2202
2011,2183
2011,2088
2011,2042
2012,2633
2012,2582
2012,2042
2013,2427
2013,2329
2013,2324
2013,2241
2014,2305
2014,2132
2016,2436
2016,2297
2016,2210
2016,2192
2016,2050
2018,2658
2018,2597
2018,2585
2018,2343
2018,2334
2018,2329
2018,2215
2018,2065
2018,2026
2019,2567
2019,2559
2019,2151
2019,2128
2019,2102
2019,2073
2019,2052
2019,2049
2019,2047
2019,2040
2019,2032
2019,2030
2020,2617
2020,2529
2020,2368
2020,2322
2020,2221
2020,2149
2020,2148
2021,2539
2021,2192
2021,2150
2021,2142
2021,2090
2021,2081
2022,2648
2022,2408
2022,2378
2022,2264
2023,2572
2023,2505
2023,2294
2023,2235
2023,2228
2023,2194
2023,2133
2023,2132
2023,2099
2024,2633
2024,2555
2024,2546
2024,2330
2024,2305
2024,2057
2025,2285
2025,2199
2025,2116
2025,2027
2026,2597
2026,2544
2026,2467
2026,2423
2026,2374
2026,2234
2026,2223
2026,2208
2026,2104
2028,2603
2028,2600
2028,2529
2028,2526
2028,2497
2028,2305
2028,2231
2028,2197
2028,2175
2028,2166
2029,2651
2029,2573
2029,2544
2029,2275
2029,2273
2029,2237
2029,2234
2030,2628
2030,2555
2030,2398
2030,2338
2030,2330
2030,2264
2030,2242
2030,2189
2030,2067
2030,2058
2031,2582
2031,2566
2031,2553
2031,2472
2031,2407
2031,2304
2031,2302
2031,2259
2031,2055
2032,2646
2032,2609
2032,2506
2032,2410
2032,2403
2032,2395
2032,2267
2032,2226
2032,2188
2032,2184
2032,2155
2033,2653
2033,2475
2033,2430
2033,2419
2033,2416
2033,2402
2033,2268
2033,2258
2033,2187
2033,2048
2035,2523
2035,2508
2035,2267
2035,2085
2036,2537
2036,2525
2036,2153
2036,2148
2036,2080
2036,2066
2036,2054
2037,2616
2037,2567
2037,2183
2037,2038
2038,2657
2038,2609
2038,2592
2038,2526
2038,2282
2038,2190
2038,2132
2038,2081
2038,2080
2039,2652
2039,2649
2039,2546
2039,2488
2039,2370
2039,2334
2039,2327
2039,2271
2039,2229
2039,2220
2039,2143
2039,2124
2039,2099
2039,2077
2040,2300
2040,2102
2042,2635
2042,2557
2042,2550
2042,2498
2042,2461
2042,2399
2042,2377
2042,2361
2042,2308
2042,2300
2042,2237
2042,2208
2042,2193
2042,2189
2042,2185
2043,2653
2043,2641
2043,2315
2043,2293
2043,2200
2043,2189
2044,2619
2044,2521
2044,2501
2044,2492
2044,2485
2044,2461
2044,2458
2044,2443
2044,2433
2044,2287
2044,2121
2044,2056
2045,2519
2045,2499
2045,2434
2045,2366
2045,2242
2045,2208
2045,2165
2046,2567
2046,2536
2046,2511
2046,2504
2046,2303
2046,2201
2046,2189
2046,2171
2046,2137
2046,2110
2047,2654
2047,2605
2047,2571
2047,2354
2047,2303
2047,2275
2047,2271
2047,2237
2047,2198
2047,2083
2048,2559
2048,2510
2048,2396
2048,2363
2048,2357
2048,2199
2048,2194
2048,2144
2049,2659
2049,2653
2049,2617
2049,2336
2049,2324
2049,2087
2050,2448
2052,2645
2052,2620
2052,2276
2052,2252
2052,2239
2052,2190
2052,2118
2053,2626
2053,2620
2053,2566
2053,2460
2053,2429
2053,2310
2053,2261
2053,2216
2053,2205
2053,2177
2053,2176
2053,2124
2053,2110
2053,2099
2054,2635
2054,2631
2054,2618
2054,2356
2054,2272
2054,2162
2054,2116
2054,2104
2055,2576
2055,2564
2055,2544
2055,2498
2055,2484
2055,2460
2055,2392
2055,2374
2055,2224
2055,2186
2055,2147
2055,2109
2056,2611
2056,2433
2056,2419
2056,2241
2056,2179
2056,2176
2056,2115
2057,2625
2057,2417
2057,2247
2057,2231
2057,2086
2058,2575
2058,2572
2058,2550
2058,2539
2058,2518
2058,2512
2058,2485
2058,2418
2058,2372
2058,2208
2058,2090
2059,2530
2059,2518
2059,2471
2059,2454
2059,2390
2059,2387
2059,2377
2059,2355
2059,2246
2059,2241
2059,2171
2059,2116
2059,2092
2059,2087
2060,2621
2060,2588
2060,2543
2060,2519
2060,2434
2060,2273
2060,2231
2060,2214
2060,2209
2060,2184
2060,2150
2060,2140
2060,2128
2060,2067
2061,2537
2061,2491
2061,2377
2061,2367
2061,2250
2061,2151
2061,2144
2062,2573
2062,2571
2062,2564
2062,2554
2062,2290
2062,2233
2062,2176
2062,2164
2062,2090
2063,2556
2063,2384
2063,2333
2063,2191
2063,2174
2064,2660
2064,2657
2064,2598
2064,2555
2064,2511
2064,2465
2064,2451
2064,2328
2064,2249
2064,2222
2064,2155
2065,2557
2065,2553
2065,2423
2065,2334
2065,2305
2065,2299
2065,2294
2065,2273
2065,2200
2065,2196
2065,2140
2065,2131
2066,2659
2066,2445
2066,2386
2066,2241
2066,2233
2066,2210
2066,2109
2067,2588
2067,2575
2067,2554
2067,2521
2067,2468
2067,2423
2067,2401
2067,2224
2067,2213
2068,2499
2068,2443
2068,2374
2068,2335
2068,2253
2068,2119
2069,2510
2069,2490
2069,2408
2069,2384
2069,2356
2069,2298
2069,2278
2069,2194
2069,2173
2070,2628
2070,2452
2070,2447
2070,2275
2070,2173
2071,2618
2071,2549
2071,2501
2071,2500
2071,2434
2071,2425
2071,2399
2071,2233
2071,2208
2071,2086
2071,2083
2072,2612
2072,2581
2072,2561
2072,2525
2072,2476
2072,2288
2072,2154
2073,2608
2073,2476
2073,2355
2073,2298
2073,2259
2073,2197
2073,2196
2073,2174
2073,2137
2073,2136
2074,2425
2074,2394
2074,2391
2074,2329
2074,2319
2074,2215
2074,2126
2075,2403
2075,2186
2075,2180
2075,2109
2075,2107
2075,2095
2076,2525
2077,2573
2077,2554
2077,2539
2077,2440
2077,2419
2077,2416
2077,2343
2077,2223
2077,2099
2078,2622
2078,2582
2078,2474
2078,2383
2078,2288
2078,2176
2080,2525
2080,2473
2080,2156
2081,2571
2081,2540
2081,2446
2081,2355
2081,2271
2081,2268
2081,2258
2081,2236
2081,2220
2081,2109
2082,2617
2082,2571
2082,2394
2082,2254
2082,2158
2082,2111
2083,2536
2083,2365
2083,2289
2083,2280
2083,2196
2083,2183
2083,2133
2084,2623
2084,2567
2084,2466
2084,2436
2084,2306
2084,2247
2084,2143
2084,2092
2085,2616
2085,2504
2085,2429
2085,2335
2085,2279
2085,2262
2085,2218
2085,2175
2085,2120
2085,2102
2086,2609
2086,2433
2086,2235
2086,2234
2086,2138
2086,2124
2087,2657
2087,2656
2087,2652
2087,2622
2087,2521
2087,2501
2087,2478
2087,2460
2087,2266
2087,2242
2087,2229
2088,2612
2088,2594
2088,2538
2088,2475
2088,2445
2088,2173
2089,2160
2090,2429
2090,2258
2091,2653
2091,2637
2091,2533
2091,2491
2091,2463
2091,2344
2091,2211
2092,2573
2092,2418
2092,2384
2092,2345
2092,2323
2092,2222
2092,2169
2092,2165
2093,2652
2093,2571
2093,2530
2093,2451
2093,2420
2093,2311
2093,2288
2093,2137
2095,2597
2095,2550
2095,2429
2095,2247
2096,2631
2096,2472
2096,2396
2096,2370
2096,2311
2096,2275
2096,2194
2096,2171
2096,2116
2097,2629
2098,2531
2098,2329
2098,2312
2098,2293
2099,2508
2099,2484
2099,2480
2099,2355
2099,2310
2099,2304
2099,2171
2099,2119
2099,2111
2101,2656
2101,2624
2101,2611
2101,2491
2101,2472
2101,2296
2101,2289
2101,2174
2101,2163
2102,2636
2102,2554
2102,2520
2102,2492
2102,2488
2102,2399
2102,2371
2102,2367
2102,2366
2102,2210
2102,2131
2103,2652
2103,2616
2103,2598
2103,2298
2103,2261
2103,2225
2103,2215
2103,2155
2104,2524
2104,2501
2104,2465
2104,2438
2104,2429
2104,2261
2104,2247
2104,2234
2104,2214
2104,2147
2105,2162
2105,2117
2107,2547
2107,2480
2107,2455
2107,2349
2107,2316
2107,2133
2108,2623
2108,2408
2108,2287
2108,2273
2109,2553
2109,2550
2109,2530
2110,2583
2110,2572
2110,2453
2110,2420
2110,2383
2110,2339
2110,2184
2110,2170
2111,2504
2111,2484
2111,2462
2111,2408
2111,2308
2111,2252
2111,2179
2112,2510
2112,2465
2112,2458
2112,2444
2112,2407
2112,2279
2113,2644
2115,2617
2115,2616
2115,2608
2115,2591
2115,2571
2115,2425
2115,2283
2115,2210
2116,2604
2116,2599
2116,2575
2116,2283
2116,2240
2116,2214
2117,2492
2117,2478
2117,2381
2117,2374
2117,2131
2117,2121
2118,2413
2118,2384
2118,2285
2118,2246
2118,2146
2118,2137
2119,2321
2119,2251
2119,2146
2119,2133
2120,2357
2120,2238
2120,2205
2121,2446
2121,2226
2122,2629
2122,2616
2122,2531
2122,2501
2123,2584
2123,2522
2123,2377
2123,2280
2123,2239
2123,2163
2123,2133
2124,2451
2124,2400
2124,2351
2124,2246
2124,2169
2124,2147
2125,2657
2125,2580
2125,2546
2125,2480
2125,2409
2125,2408
2125,2370
2125,2299
2125,2248
2125,2202
2126,2291
2126,2232
2126,2188
2126,2164
2127,2601
2127,2557
2127,2547
2127,2488
2127,2449
2127,2324
2127,2323
2127,2232
2127,2192
2128,2560
2128,2551
2128,2462
2128,2434
2128,2201
2128,2184
2128,2154
2128,2149
2129,2580
2129,2173
2130,2441
2131,2609
2131,2584
2131,2480
2131,2461
2131,2199
2131,2183
2132,2623
2132,2583
2132,2499
2132,2489
2132,2440
2132,2400
2132,2374
2132,2306
2132,2244
2132,2233
2133,2542
2133,2484
2133,2482
2133,2434
2133,2340
2133,2297
2133,2290
2133,2271
2134,2519
2134,2516
2134,2507
2134,2491
2134,2482
2134,2433
2134,2280
2134,2275
2134,2248
2134,2162
2135,2612
2135,2529
2135,2357
2135,2325
2135,2276
2135,2232
2136,2653
2136,2623
2136,2619
2136,2617
2136,2607
2136,2601
2136,2590
2136,2561
2136,2546
2136,2536
2136,2498
2136,2478
2136,2438
2136,2434
2136,2427
2136,2413
2136,2372
2136,2145
2136,2140
2137,2637
2137,2589
2137,2559
2137,2554
2137,2514
2137,2443
2137,2380
2137,2379
2137,2372
2137,2336
2137,2288
2137,2252
2137,2185
2137,2169
2138,2607
2138,2591
2138,2561
2138,2399
2138,2366
2138,2348
2138,2297
2138,2270
2138,2240
2138,2230
2138,2206
2138,2164
2139,2567
2139,2462
2139,2445
2139,2396
2139,2394
2139,2289
2139,2243
2139,2208
2140,2659
2140,2608
2140,2568
2140,2521
2140,2407
2140,2385
2140,2241
2141,2608
2141,2526
2141,2511
2141,2436
2141,2312
2141,2250
2141,2247
2141,2189
2141,2174
2141,2144
2142,2566
2142,2391
2142,2327
2142,2318
2142,2305
2142,2293
2142,2234
2143,2502
2143,2394
2143,2369
2143,2344
2143,2304
2143,2265
2143,2208
2143,2184
2143,2145
2144,2559
2144,2529
2144,2512
2144,2480
2144,2464
2144,2446
2144,2434
2144,2372
2144,2352
2144,2257
2144,2253
2144,2176
2144,2161
2145,2498
2145,2482
2145,2440
2145,2394
2145,2386
2145,2336
2145,2256
2145,2251
2145,2229
2147,2592
2147,2578
2147,2559
2147,2539
2147,2498
2147,2485
2147,2393
2147,2355
2147,2287
2147,2285
2147,2206
2148,2582
2148,2560
2148,2557
2148,2544
2148,2491
2148,2412
2148,2396
2148,2273
2148,2267
2148,2169
2149,2646
2149,2599
2149,2537
2149,2322
2149,2312
2149,2238
2149,2235
2150,2609
2150,2568
2150,2363
2150,2351
2150,2345
2150,2343
2150,2304
2150,2292
2150,2282
2150,2208
2150,2180
2151,2617
2151,2605
2151,2518
2151,2508
2151,2466
2151,2333
2151,2316
2151,2315
2151,2310
2151,2275
2151,2271
2151,2235
2151,2210
2151,2182
2152,2424
2153,2623
2153,2514
2153,2459
2153,2452
2153,2307
2153,2265
2153,2221
2153,2198
2153,2197
2154,2616
2154,2552
2154,2536
2154,2502
2154,2462
2154,2396
2154,2279
2154,2196
2155,2583
2155,2521
2155,2367
2155,2335
2156,2284
2157,2504
2157,2339
2158,2566
2158,2441
2159,2435
2160,2384
2160,2249
2161,2607
2161,2570
2161,2559
2161,2510
2161,2448
2161,2362
2161,2352
2161,2341
2161,2334
2161,2293
2161,2252
2161,2197
2161,2187
2161,2186
2162,2512
2162,2335
2162,2180
2163,2622
2163,2598
2163,2574
2163,2555
2163,2478
2163,2380
2164,2512
2164,2469
2164,2311
2164,2258
2164,2254
2164,2235
2165,2649
2165,2471
2165,2262
2165,2214
2166,2562
2166,2333
2166,2232
2169,2636
2169,2612
2169,2521
2169,2514
2169,2465
2169,2346
2169,2266
2169,2243
2169,2221
2169,2212
2170,2607
2170,2544
2171,2555
2171,2512
2172,2597
2172,2576
2172,2427
2172,2420
2172,2318
2172,2242
2172,2191
2173,2619
2173,2588
2173,2579
2173,2557
2173,2551
2173,2525
2173,2406
2173,2313
2173,2296
2173,2288
2173,2229
2173,2213
2174,2655
2174,2568
2174,2504
2174,2355
2174,2334
2174,2308
2174,2276
2174,2208
2175,2511
2175,2509
2175,2385
2175,2361
2175,2325
2175,2268
2176,2627
2176,2451
2176,2438
2176,2436
2176,2409
2176,2397
2176,2296
2176,2285
2176,2240
2176,2234
2176,2218
2177,2589
2177,2553
2177,2241
2177,2232
2179,2578
2179,2571
2179,2568
2179,2552
2179,2545
2179,2467
2179,2408
2179,2320
2179,2258
2180,2591
2180,2546
2180,2484
2180,2476
2180,2471
2180,2411
2180,2396
2180,2364
2180,2352
2182,2270
2183,2610
2183,2522
2183,2507
2183,2473
2183,2299
2184,2592
2184,2568
2184,2545
2184,2530
2184,2498
2184,2432
2184,2345
2184,2329
2184,2207
2185,2630
2185,2605
2185,2523
2185,2379
2185,2266
2185,2254
2186,2618
2186,2573
2186,2512
2186,2484
2186,2471
2186,2464
2186,2343
2186,2308
2186,2303
2186,2279
2187,2613
2187,2611
2187,2600
2187,2522
2187,2406
2187,2345
2187,2297
2187,2280
2187,2262
2188,2642
2188,2598
2188,2426
2188,2371
2188,2361
2188,2298
2188,2208
2189,2502
2189,2438
2189,2290
2189,2261
2190,2642
2190,2522
2190,2516
2190,2461
2190,2311
2190,2247
2190,2230
2191,2575
2191,2557
2191,2509
2191,2395
2191,2364
2191,2330
2191,2253
2191,2219
2192,2284
2193,2537
2193,2525
2193,2496
2193,2477
2193,2396
2193,2371
2193,2304
2194,2540
2194,2474
2194,2430
2194,2318
2194,2258
2194,2228
2196,2646
2196,2561
2196,2554
2196,2504
2196,2433
2196,2406
2196,2355
2196,2326
2196,2287
2196,2253
2196,2225
2196,2212
2196,2211
2197,2616
2197,2497
2197,2388
2197,2321
2197,2275
2198,2632
2198,2577
2198,2377
2198,2351
2198,2333
2198,2325
2198,2276
2199,2651
2199,2624
2199,2386
2200,2643
2200,2522
2200,2390
2200,2327
2200,2264
2200,2243
2200,2207
2201,2538
2202,2660
2202,2653
2202,2629
2202,2355
2203,2655
2203,2579
2203,2564
2203,2555
2203,2472
2203,2407
2203,2240
2203,2222
2205,2624
2205,2602
2205,2502
2205,2451
2205,2445
2206,2610
2206,2603
2206,2471
2206,2350
2206,2327
2206,2280
2207,2551
2207,2506
2207,2420
2207,2275
2208,2415
2208,2410
2208,2396
2208,2356
2208,2345
2208,2339
2209,2475
2209,2436
2209,2420
2209,2411
2209,2295
2209,2239
2210,2616
2210,2498
2210,2390
2210,2363
2210,2307
2210,2239
2211,2649
2211,2630
2211,2611
2211,2603
2211,2536
2211,2512
2211,2472
2211,2462
2211,2393
2211,2299
2211,2298
2211,2265
2211,2217
2212,2638
2212,2635
2212,2552
2212,2544
2212,2484
2212,2385
2212,2285
2212,2223
2213,2576
2213,2477
2213,2343
2214,2653
2214,2582
2214,2526
2214,2472
2214,2441
2214,2299
2214,2259
2215,2660
2215,2616
2215,2575
2215,2511
2215,2510
2215,2486
2216,2546
2216,2496
2216,2468
2216,2465
2216,2458
2216,2387
2216,2272
2216,2254
2217,2283
2217,2282
2218,2622
2218,2567
2218,2465
2218,2273
2219,2247
2220,2608
2220,2401
2220,2336
2220,2322
2220,2224
2221,2629
2221,2610
2221,2581
2221,2530
2221,2475
2221,2473
2222,2642
2222,2628
2222,2598
2222,2572
2222,2555
2222,2550
2222,2494
2222,2315
2222,2283
2223,2603
2223,2580
2223,2576
2223,2488
2223,2324
2223,2309
2223,2258
2224,2658
2224,2610
2224,2564
2224,2553
2224,2393
2224,2309
2224,2296
2224,2259
2225,2643
2225,2496
2225,2445
2225,2366
2225,2343
2225,2329
2225,2302
2226,2526
2226,2524
2226,2502
2226,2429
2226,2390
2226,2362
2226,2328
2226,2274
2226,2243
2226,2240
2226,2233
2227,2497
2227,2325
2228,2456
2228,2434
2228,2384
2228,2318
2229,2589
2229,2490
2229,2480
2229,2458
2229,2445
2229,2313
2229,2311
2229,2267
2230,2436
2231,2522
2231,2517
2231,2512
2231,2455
2231,2302
2231,2247
2232,2519
2232,2482
2232,2355
2232,2323
2232,2282
2232,2257
2232,2247
2233,2603
2233,2588
2233,2522
2233,2458
2233,2399
2233,2315
2234,2654
2234,2588
2234,2477
2234,2414
2234,2409
2234,2376
2234,2355
2234,2333
2234,2283
2235,2546
2235,2524
2235,2460
2235,2300
2235,2244
2236,2649
2236,2594
2236,2387
2236,2338
2236,2334
2237,2629
2237,2613
2237,2584
2237,2434
2237,2426
2237,2336
2237,2332
2239,2564
2239,2428
2239,2396
2239,2285
2239,2259
2239,2246
2240,2524
2240,2519
2240,2512
2240,2510
2240,2315
2241,2652
2241,2530
2241,2464
2241,2418
2241,2416
2241,2308
2241,2306
2241,2297
2242,2603
2242,2590
2242,2574
2242,2506
2242,2488
2242,2436
2243,2610
2243,2574
2243,2567
2243,2561
2243,2559
2243,2540
2243,2525
2243,2516
2243,2406
2243,2303
2244,2643
2244,2589
2244,2486
2244,2378
2246,2624
2246,2606
2246,2445
2246,2399
2246,2398
2246,2367
2246,2366
2246,2352
2246,2334
2246,2285
2246,2264
2246,2254
2247,2484
2247,2394
2247,2366
2247,2351
2247,2272
2248,2588
2248,2259
2249,2574
2249,2506
2249,2356
2249,2352
2249,2304
2249,2275
2250,2479
2250,2453
2250,2411
2250,2386
2252,2643
2252,2428
2252,2390
2252,2351
2253,2629
2253,2384
2253,2368
2253,2349
2253,2283
2254,2602
2254,2601
2254,2351
2256,2567
2256,2529
2256,2525
2256,2300
2257,2603
2257,2560
2257,2397
2258,2472
2258,2469
2258,2436
2258,2381
2258,2271
2259,2638
2259,2576
2259,2525
2259,2498
2259,2452
2259,2433
2259,2408
2259,2393
2259,2363
2259,2361
2259,2294
2259,2266
2259,2264
2260,2617
2260,2571
2260,2445
2261,2603
2261,2557
2261,2536
2261,2463
2261,2461
2261,2427
2261,2425
2262,2575
2262,2460
2262,2395
2262,2306
2263,2570
2264,2612
2264,2544
2264,2543
2264,2367
2265,2471
2265,2432
2265,2367
2266,2580
2266,2555
2267,2625
2267,2594
2267,2524
2267,2477
2267,2419
2267,2392
2267,2288
2268,2573
2268,2479
2268,2440
2268,2352
2268,2338
2268,2306
2270,2588
2270,2336
2271,2652
2271,2606
2271,2605
2271,2451
2271,2429
2271,2428
2271,2391
2271,2319
2271,2285
2271,2279
2272,2587
2272,2564
2272,2561
2272,2538
2272,2489
2272,2477
2272,2330
2272,2313
2273,2648
2273,2593
2273,2362
2273,2325
2274,2642
2274,2588
2274,2510
2274,2394
2274,2323
2275,2646
2275,2584
2275,2334
2276,2653
2276,2635
2276,2445
2276,2367
2276,2285
2277,2468
2277,2425
2277,2317
2277,2280
2278,2616
2278,2503
2278,2461
2278,2387
2279,2655
2279,2640
2279,2566
2279,2558
2279,2553
2279,2502
2279,2454
2279,2389
2279,2376
2279,2311
2279,2296
2280,2612
2280,2572
2280,2489
2280,2406
2280,2303
2280,2296
2282,2584
2282,2464
2283,2623
2283,2593
2283,2559
2283,2426
2283,2379
2283,2377
2283,2374
2283,2297
2284,2433
2285,2658
2285,2631
2285,2539
2285,2434
2286,2618
2286,2455
2286,2330
2287,2652
2287,2561
2287,2545
2288,2581
2288,2560
2288,2552
2288,2499
2288,2418
2288,2399
2288,2340
2289,2657
2289,2611
2289,2492
2289,2484
2289,2430
2289,2410
2289,2365
2289,2305
2290,2641
2290,2344
2290,2314
2290,2291
2291,2616
2291,2615
2291,2594
2291,2590
2291,2501
2291,2342
2292,2646
2292,2586
2292,2571
2292,2557
2292,2526
2292,2467
2292,2455
2292,2438
2292,2394
2292,2393
2293,2575
2293,2561
2293,2509
2293,2453
2293,2449
2293,2436
2293,2381
2293,2299
2294,2641
2294,2630
2294,2600
2294,2555
2294,2553
2294,2488
2294,2449
2294,2443
2294,2417
2294,2363
2294,2319
2295,2613
2295,2591
2295,2507
2295,2468
2295,2377
2295,2328
2296,2546
2296,2476
2296,2338
2297,2524
2297,2449
2298,2588
2298,2512
2298,2322
2299,2396
2299,2376
2300,2594
2300,2553
2300,2551
2300,2544
2300,2333
2300,2324
2301,2656
2302,2594
2302,2586
2302,2542
2302,2469
2302,2419
2302,2371
2302,2367
2302,2327
2303,2576
2303,2518
2303,2395
2303,2379
2303,2347
2304,2602
2304,2557
2304,2452
2304,2423
2304,2419
2304,2415
2304,2363
2304,2343
2305,2576
2305,2469
2306,2619
2306,2600
2306,2463
2306,2433
2306,2328
2306,2327
2306,2325
2307,2588
2307,2539
2307,2522
2307,2498
2307,2372
2307,2323
2308,2606
2308,2575
2308,2568
2308,2465
2308,2442
2309,2489
2309,2434
2309,2419
2309,2413
2309,2389
2309,2325
2309,2320
2310,2471
2310,2445
2310,2414
2310,2413
2310,2377
2310,2332
2311,2619
2311,2491
2312,2598
2312,2567
2312,2566
2312,2478
2312,2454
2312,2323
2313,2643
2313,2591
2313,2584
2313,2516
2313,2475
2313,2465
2313,2372
2313,2354
2313,2345
2313,2315
2314,2611
2314,2582
2314,2555
2314,2417
2315,2655
2315,2640
2315,2443
2315,2410
2315,2383
2315,2367
2316,2335
2317,2531
2317,2455
2317,2390
2317,2389
2318,2539
2318,2471
2319,2611
2319,2579
2319,2417
2319,2387
2319,2365
2321,2538
2322,2617
2322,2594
2322,2582
2322,2555
2322,2504
2322,2455
2322,2381
2323,2328
2324,2642
2324,2636
2324,2476
2324,2426
2324,2344
2325,2570
2325,2492
2326,2653
2326,2461
2326,2442
2326,2377
2327,2607
2327,2522
2327,2504
2327,2500
2327,2454
2327,2443
2327,2400
2327,2376
2328,2657
2328,2599
2328,2524
2328,2480
2328,2472
2329,2646
2329,2376
2329,2351
2330,2608
2330,2584
2330,2495
2330,2423
2330,2377
2330,2344
2331,2622
2331,2576
2331,2530
2331,2498
2331,2445
2331,2392
2332,2627
2332,2561
2332,2557
2332,2389
2333,2546
2333,2449
2334,2622
2334,2607
2334,2598
2334,2584
2334,2568
2334,2414
2335,2582
2335,2508
2335,2461
2336,2654
2336,2652
2336,2560
2336,2552
2336,2539
2336,2536
2336,2520
2336,2482
2336,2443
2336,2355
2337,2461
2338,2642
2338,2556
2338,2489
2338,2396
2339,2649
2339,2643
2339,2416
2340,2640
2340,2603
2340,2592
2340,2568
2340,2567
2340,2449
2340,2355
2340,2342
2341,2520
2342,2555
2342,2539
2342,2472
2343,2610
2343,2609
2343,2602
2343,2369
2344,2608
2344,2532
2344,2474
2344,2460
2344,2454
2345,2655
2345,2568
2347,2652
2347,2608
2347,2442
2347,2432
2347,2362
2348,2608
2348,2496
2348,2374
2349,2604
2349,2591
2350,2593
2350,2555
2350,2443
2350,2369
2351,2561
2351,2499
2351,2485
2352,2631
2352,2536
2352,2467
2352,2427
2353,2518
2353,2454
2353,2374
2353,2368
2354,2622
2354,2588
2354,2533
2354,2520
2354,2508
2354,2480
2355,2656
2355,2629
2355,2540
2355,2482
2355,2390
2356,2567
2356,2473
2356,2442
2356,2429
2357,2498
2357,2364
2359,2592
2359,2563
2359,2512
2359,2458
2361,2556
2362,2581
2362,2517
2362,2491
2363,2605
2363,2597
2363,2544
2363,2444
2364,2605
2364,2395
2365,2509
2365,2435
2366,2629
2366,2525
2366,2496
2366,2395
2367,2652
2367,2602
2367,2532
2367,2459
2368,2551
2368,2499
2368,2393
2369,2413
2369,2401
2370,2598
2370,2458
2370,2417
2370,2401
2370,2391
2370,2371
2371,2403
2372,2617
2372,2425
2372,2419
2372,2408
2372,2397
2374,2652
2374,2628
2374,2377
2375,2598
2375,2384
2376,2652
2376,2641
2376,2582
2376,2572
2376,2512
2376,2451
2376,2449
2376,2420
2377,2643
2377,2622
2377,2603
2377,2594
2377,2550
2377,2517
2377,2508
2377,2414
2378,2608
2378,2599
2378,2560
2379,2559
2379,2442
2380,2473
2381,2506
2383,2553
2383,2463
2384,2645
2384,2627
2384,2599
2384,2539
2384,2507
2384,2493
2384,2488
2384,2478
2384,2460
2384,2391
2385,2642
2385,2603
2385,2602
2385,2588
2385,2516
2385,2504
2385,2491
2386,2537
2386,2522
2387,2507
2387,2498
2387,2408
2389,2561
2390,2619
2390,2608
2390,2592
2390,2568
2390,2480
2391,2591
2391,2513
2391,2471
2391,2442
2392,2546
2392,2459
2393,2609
2393,2592
2393,2451
2393,2440
2393,2430
2394,2647
2394,2588
2394,2526
2394,2463
2395,2612
2395,2473
2396,2605
2396,2582
2396,2520
2398,2559
2398,2554
2399,2629
2399,2514
2399,2491
2400,2574
2400,2507
2400,2434
2400,2428
2401,2508
2402,2472
2403,2543
2404,2612
2404,2608
2406,2615
2406,2488
2406,2408
2407,2519
2407,2506
2408,2613
2408,2475
2408,2451
2409,2599
2409,2558
2409,2556
2409,2502
2409,2486
2409,2419
2410,2486
2411,2617
2411,2452
2411,2420
2413,2608
2413,2415
2414,2635
2414,2608
2414,2512
2414,2508
2414,2416
2415,2599
2415,2445
2416,2552
2416,2544
2417,2605
2417,2560
2418,2576
2418,2532
2418,2475
2419,2646
2419,2593
2419,2592
2419,2556
2419,2549
2419,2544
2419,2508
2419,2472
2419,2459
2419,2451
2420,2582
2420,2563
2420,2547
2420,2529
2420,2523
2420,2521
2420,2475
2423,2629
2423,2567
2423,2469
2423,2458
2424,2473
2425,2577
2425,2553
2425,2503
2425,2475
2427,2631
2427,2573
2427,2507
2428,2572
2428,2533
2428,2519
2429,2619
2429,2545
2429,2518
2429,2510
2430,2533
2431,2548
2432,2589
2432,2557
2432,2488
2433,2655
2433,2599
2433,2555
2433,2544
2433,2519
2433,2473
2434,2646
2434,2604
2434,2592
2435,2626
2435,2594
2436,2625
2436,2524
2436,2488
2438,2629
2438,2531
2438,2526
2440,2653
2440,2598
2440,2597
2440,2519
2441,2534
2442,2646
2442,2607
2442,2551
2442,2539
2442,2445
2443,2653
2443,2515
2443,2472
2445,2657
2445,2583
2445,2475
2445,2467
2446,2509
2446,2454
2446,2449
2447,2633
2447,2626
2447,2529
2447,2492
2448,2629
2448,2584
2448,2523
2451,2588
2451,2488
2451,2467
2452,2611
2452,2529
2453,2581
2453,2463
2454,2615
2454,2499
2454,2484
2455,2567
2456,2628
2458,2581
2458,2576
2458,2496
2458,2479
2458,2473
2458,2459
2459,2625
2460,2508
2461,2592
2462,2538
2462,2522
2463,2659
2463,2655
2463,2641
2463,2640
2463,2639
2463,2532
2464,2597
2464,2490
2465,2623
2465,2610
2465,2585
2465,2581
2465,2488
2466,2484
2467,2640
2467,2580
2468,2642
2468,2622
2469,2581
2469,2498
2469,2472
2471,2609
2471,2568
2471,2547
2471,2501
2471,2488
2472,2656
2472,2626
2472,2600
2472,2577
2472,2479
2473,2572
2473,2546
2473,2539
2473,2519
2473,2504
2473,2495
2474,2625
2474,2597
2474,2549
2474,2510
2475,2564
2476,2512
2477,2642
2478,2608
2479,2555
2479,2504
2480,2485
2482,2622
2482,2553
2485,2544
2486,2602
2489,2590
2489,2553
2489,2550
2490,2582
2491,2654
2491,2582
2492,2588
2492,2557
2493,2637
2495,2658
2495,2594
2495,2561
2496,2642
2496,2508
2497,2653
2498,2589
2498,2525
2499,2509
2500,2547
2500,2502
2501,2628
2502,2660
2502,2631
2502,2553
2502,2547
2503,2562
2503,2533
2503,2508
2504,2542
2504,2509
2505,2608
2507,2572
2508,2603
2508,2577
2508,2554
2509,2635
2509,2623
2509,2620
2509,2611
2509,2553
2510,2658
2510,2632
2510,2631
2510,2600
2510,2575
2510,2560
2511,2647
2511,2640
2511,2590
2512,2574
2512,2546
2514,2656
2516,2588
2516,2575
2516,2536
2516,2531
2518,2604
2518,2597
2519,2646
2519,2586
2519,2525
2520,2531
2521,2643
2521,2561
2522,2589
2524,2624
2524,2552
2525,2589
2527,2584
2529,2653
2529,2648
2529,2552
2530,2604
2530,2570
2530,2563
2533,2631
2533,2614
2533,2604
2533,2576
2537,2629
2538,2657
2538,2606
2542,2588
2544,2641
2544,2636
2544,2624
2544,2589
2545,2649
2545,2591
2546,2608
2546,2588
2547,2601
2547,2568
2547,2566
2551,2652
2553,2654
2553,2622
2553,2610
2553,2606
2553,2560
2554,2572
2554,2561
2555,2579
2556,2598
2557,2612
2559,2652
2561,2623
2561,2605
2563,2583
2564,2608
2566,2618
2567,2594
2572,2603
2576,2605
2577,2614
2579,2632
2581,2625
2581,2618
2582,2646
2582,2644
2582,2630
2584,2590
2585,2592
2586,2620
2588,2652
2588,2630
2588,2594
2589,2611
2590,2616
2591,2611
2592,2656
2592,2631
2592,2616
2593,2642
2597,2639
2600,2624
2600,2616
2601,2650
2606,2643
2606,2629
2608,2642
2609,2638
2609,2625
2611,2622
2612,2635
2613,2632
2629,2652
2629,2646
2631,2660
2637,2659
2643,2653
2649,2653
2661,3380
2661,3288
2661,3177
2661,3160
2661,3086
2661,2936
2661,2846
2661,2783
2662,3386
2662,3349
2662,3170
2662,3144
2662,3138
2662,3116
2663,3174
2663,3073
2663,2872
2663,2778
2664,2996
2664,2977
2664,2794
2664,2666
2665,3351
2665,3152
2665,3113
2665,3077
2665,2956
2665,2947
2665,2779
2665,2724
2665,2712
2666,3286
2666,2960
2666,2880
2666,2874
2666,2731
2666,2680
2667,3360
2667,3316
2667,3273
2667,3035
2667,2904
2667,2844
2667,2797
2668,3228
2668,3072
2668,2999
2668,2783
2668,2723
2668,2719
2669,3430
2669,3275
2669,2907
2669,2873
2669,2809
2669,2729
2672,3299
2672,3058
2673,3078
2673,2946
2673,2931
2673,2741
2673,2726
2674,3124
2674,3076
2674,3046
2674,3041
2674,2803
2674,2787
2675,3419
2675,3385
2675,3247
2675,3233
2675,3148
2675,3097
2675,3051
2675,2783
2675,2772
2675,2768
2676,3317
2676,3090
2676,2806
2676,2726
2676,2687
2677,3179
2677,3172
2677,3128
2677,3035
2677,2863
2677,2849
2677,2846
2677,2735
2678,3002
2678,2708
2679,3227
2679,3221
2679,3169
2679,3114
2679,3049
2679,3033
2679,2974
2679,2933
2679,2874
2679,2694
2680,3364
2680,3257
2680,3040
2680,3030
2680,2919
2680,2909
2681,3397
2681,3163
2681,3038
2681,2986
2681,2927
2681,2919
2681,2750
2682,3199
2682,2870
2682,2845
2683,2905
2683,2726
2684,3017
2684,2753
2685,3321
2685,2765
2685,2762
2686,3353
2686,3280
2686,3248
2686,3208
2686,3145
2686,2992
2686,2870
2686,2869
2687,3433
2687,3070
2687,3035
2687,2996
2687,2955
2687,2944
2687,2843
2687,2833
2687,2765
2688,3049
2688,3020
2688,2858
2688,2840
2689,3098
2689,2940
2689,2854
2689,2852
2690,3327
2690,2824
2690,2739
2692,3359
2693,3419
2693,3321
2693,2836
2694,3214
2694,3150
2694,3110
2694,3010
2694,2987
2695,3387
2695,3114
2695,2916
2695,2896
2696,3415
2696,3321
2696,3255
2696,3148
2696,3116
2696,3034
2696,3032
2696,3018
2696,2932
2696,2699
2697,2903
2697,2716
2698,3360
2698,3294
2698,3158
2698,2981
2698,2929
2698,2773
2698,2716
2699,3107
2699,2767
2700,2895
2701,2996
2701,2863
2701,2733
2701,2715
2702,3307
2702,3279
2702,3081
2702,2991
2702,2836
2705,3433
2705,3163
2705,2993
2705,2907
2705,2872
2705,2757
2706,3104
2706,3026
2706,2815
2707,3157
2707,3089
2708,3369
2708,3198
2708,2989
2708,2831
2709,3297
2709,3162
2709,3150
2710,3166
2710,2987
2711,3425
2711,3365
2711,3224
2711,3034
2712,3313
2712,3306
2712,3196
2712,3154
2712,2881
2712,2723
2712,2720
2713,3397
2713,3286
2713,3204
2713,3157
2713,3116
2713,2992
2713,2742
2713,2737
2714,3233
2716,3419
2716,3334
2716,3258
2716,3117
2716,3086
2716,3062
2716,2923
2716,2775
2716,2770
2717,3215
2717,3042
2717,2927
2718,3258
2718,3235
2718,3219
2718,3102
2718,3068
2718,3019
2718,2845
2718,2803
2718,2735
2719,3321
2719,3273
2719,3197
2719,3140
2719,2765
2719,2738
2720,3434
2720,3415
2720,3275
2720,3274
2720,3246
2720,3120
2720,2995
2720,2846
2723,3422
2723,3373
2723,3321
2723,3302
2723,3219
2723,3024
2723,2875
2723,2828
2723,2812
2724,2962
2725,3018
2726,3324
2726,3095
2726,3065
2726,2986
2726,2794
2726,2763
2726,2761
2728,3274
2728,3208
2728,2739
2729,3160
2729,3044
2729,2771
2730,3421
2730,3377
2730,3278
2730,3248
2730,3208
2730,3115
2731,3430
2731,3285
2731,3243
2731,3065
2733,3381
2733,3369
2733,3326
2733,3323
2733,3255
2733,3186
2733,3049
2733,2853
2733,2822
2734,3187
2734,3151
2734,3113
2734,2882
2735,3403
2735,3379
2735,3152
2735,2950
2736,3389
2737,3002
2737,2779
2738,3428
2738,3373
2738,3317
2738,2986
2739,3304
2739,3024
2739,2863
2741,3384
2741,2985
2741,2981
2741,2948
2741,2794
2741,2782
2742,3409
2742,3403
2742,3393
2742,3287
2742,3285
2742,3189
2742,3048
2742,3032
2742,3015
2742,2895
2743,3393
2743,3388
2743,3257
2743,3092
2743,2969
2743,2750
2744,3312
2744,3120
2744,3100
2745,3417
2745,2946
2745,2927
2745,2874
2746,3226
2746,3184
2746,3174
2746,2750
2747,3168
2747,2992
2747,2859
2747,2836
2748,3296
2748,3249
2748,3241
2748,3185
2748,3174
2748,3169
2748,3104
2748,3102
2748,2931
2748,2920
2748,2749
2749,3114
2749,2800
2750,3274
2750,3196
2750,2993
2750,2862
2751,3406
2751,3210
2751,3091
2751,2937
2751,2804
2751,2800
2752,2892
2753,3412
2753,3403
2753,3351
2753,3252
2753,3179
2753,2853
2753,2778
2754,3347
2754,3201
2754,3046
2754,2996
2755,3335
2755,3321
2755,2821
2755,2787
2756,2986
2756,2800
2757,3348
2757,2987
2757,2961
2757,2943
2757,2908
2757,2807
2757,2786
2758,3393
2758,3331
2758,3156
2758,3075
2758,3069
2758,2901
2758,2833
2759,3195
2759,3162
2759,2967
2759,2924
2759,2905
2759,2864
2760,3406
2760,3279
2760,2822
2761,3228
2761,2987
2761,2873
2762,3381
2762,3288
2762,3050
2762,2935
2763,3400
2763,2907
2763,2769
2764,3296
2764,3280
2764,3255
2764,3219
2764,2894
2764,2849
2765,3198
2765,3124
2766,2969
2768,3386
2768,3360
2768,3330
2768,3233
2768,3086
2768,3046
2768,3028
2768,3011
2768,2844
2769,3193
2769,3174
2769,3143
2769,2928
2769,2905
2770,3320
2770,3240
2770,3224
2770,3076
2770,2997
2770,2795
2771,3157
2771,3002
2771,2914
2771,2784
2772,3379
2772,3261
2772,3019
2772,2955
2773,2978
2773,2927
2773,2877
2773,2864
2775,3386
2775,2853
2777,3163
2777,2994
2777,2929
2778,3177
2778,3164
2778,3160
2778,3140
2778,3104
2778,3046
2779,3415
2779,3355
2779,3340
2779,3321
2779,3106
2779,2841
2779,2833
2780,3350
2780,3253
2780,3106
2780,2952
2780,2898
2780,2875
2781,3369
2781,3334
2781,3219
2781,3196
2781,3152
2782,2996
2782,2908
2782,2807
2783,3381
2783,3195
2783,3189
2783,3186
2783,3144
2783,3072
2783,3058
2783,3021
2783,2938
2783,2849
2783,2812
2784,3061
2784,2892
2785,3288
2785,2995
2785,2994
2785,2955
2785,2883
2785,2878
2786,3339
2786,3315
2786,3095
2786,2867
2787,3359
2787,3344
2787,3326
2787,3281
2787,3226
2787,3149
2787,3106
2787,3075
2787,2937
2787,2858
2787,2804
2787,2790
2789,3096
2789,2873
2790,3345
2790,3222
2790,3206
2791,3335
2791,2984
2793,3360
2793,3326
2793,3275
2793,3241
2793,3039
2793,3032
2793,3024
2793,2843
2793,2836
2794,3301
2795,3209
2795,3189
2795,3185
2795,2939
2796,3275
2796,3189
2796,3169
2796,3120
2796,3056
2796,2811
2796,2808
2797,3386
2797,3281
2797,3082
2797,3070
2797,3043
2797,2811
2800,3315
2800,3149
2800,2997
2800,2994
2800,2967
2800,2887
2801,3391
2802,3327
2802,3088
2802,2830
2803,3351
2803,3168
2803,3089
2803,2964
2803,2906
2803,2840
2804,3337
2804,2843
2804,2833
2806,3339
2806,3174
2806,3025
2806,2978
2806,2922
2807,3105
2809,3384
2810,3364
2810,3345
2810,2981
2810,2924
2810,2812
2811,3431
2811,3146
2812,3412
2812,3379
2812,3356
2812,3237
2812,3235
2812,3232
2812,3185
2812,3179
2812,3117
2812,3038
2812,3013
2812,2906
2813,3360
2813,3326
2813,3275
2813,3144
2813,3097
2815,3303
2815,3215
2815,2985
2815,2973
2816,3328
2816,3241
2816,3189
2816,3132
2816,3100
2818,3170
2818,3099
2818,3060
2818,2973
2818,2904
2819,3406
2819,3345
2819,3255
2819,3219
2819,3188
2819,3109
2819,3076
2819,3060
2819,3041
2819,3034
2820,3168
2821,3426
2821,2981
2821,2874
2822,3117
2822,2976
2823,3381
2823,3185
2823,3093
2824,3285
2824,2969
2825,3340
2825,3211
2826,3182
2828,3340
2828,3328
2828,3267
2828,3214
2828,3198
2828,2881
2828,2843
2829,3404
2829,3381
2829,3182
2829,3100
2829,2991
2829,2868
2829,2830
2830,3347
2830,3261
2830,3172
2830,3113
2830,3017
2831,3264
2831,3154
2831,3082
2832,3295
2832,3233
2832,3154
2832,3109
2832,3034
2832,3002
2832,2869
2832,2853
2833,3206
2833,3194
2833,3169
2833,3165
2833,3107
2833,3048
2833,2910
2835,2913
2836,3377
2836,3350
2836,3302
2836,3253
2836,3201
2836,3177
2836,3148
2837,3433
2837,3392
2837,3301
2839,3394
2839,3302
2839,2957
2840,3272
2840,3077
2840,2984
2840,2855
2841,3267
2841,2968
2843,3113
2843,3075
2843,3049
2843,2979
2844,3330
2844,3118
2844,2883
2845,3337
2845,2964
2846,3416
2846,3411
2846,3342
2846,3225
2846,3168
2846,2905
2847,3335
2847,3115
2847,3070
2848,3416
2848,3067
2848,3001
2848,2989
2849,3224
2849,2936
2849,2932
2849,2916
2849,2856
2850,3396
2850,3238
2850,3042
2850,2978
2850,2873
2851,3243
2852,3108
2852,2969
2852,2919
2853,3366
2853,3263
2853,3179
2853,2970
2853,2915
2854,3387
2854,3220
2854,2880
2855,3224
2855,3146
2856,3188
2856,3167
2856,3027
2858,3330
2858,3236
2858,3221
2858,3161
2858,3115
2858,3094
2858,3012
2859,3032
2859,2951
2859,2950
2859,2937
2862,3153
2862,2931
2862,2880
2863,3433
2863,3431
2863,3411
2863,3307
2863,3246
2863,3211
2863,3135
2863,3057
2863,2970
2864,3394
2864,3353
2864,3286
2864,3095
2864,2974
2864,2924
2864,2873
2865,3356
2865,3279
2865,3186
2865,3151
2865,3107
2866,3095
2866,2924
2867,3435
2867,3431
2867,3040
2868,3248
2868,3078
2868,2881
2869,3233
2869,3219
2869,2955
2870,3334
2870,2962
2871,3277
2871,3263
2871,3242
2871,3215
2871,3168
2871,2990
2872,3287
2872,2897
2873,3426
2873,2974
2874,3236
2874,3096
2874,2956
2874,2913
2874,2909
2875,3206
2875,3175
2876,3434
2876,3396
2876,3332
2876,3316
2876,3287
2876,3267
2876,3170
2876,3034
2876,3002
2877,3436
2877,3163
2880,3422
2880,3215
2880,3179
2880,3160
2880,3119
2881,3403
2881,3198
2881,3094
2881,2999
2881,2995
2881,2946
2883,3344
2883,3215
2883,3132
2883,3120
2883,2892
2884,2948
2884,2887
2886,3327
2887,3250
2887,2963
2888,3417
2889,3067
2890,3202
2890,3056
2891,3129
2892,3373
2892,3358
2892,3351
2892,3069
2892,3062
2893,3177
2894,3397
2894,3389
2894,3367
2894,3150
2894,2976
2894,2966
2895,3370
2895,3152
2895,3077
2895,3024
2896,3399
2896,3142
2896,2997
2896,2994
2896,2913
2896,2905
2897,3387
2897,3350
2897,3335
2897,3065
2897,2988
2898,3302
2899,3363
2899,2940
2899,2915
2901,3415
2901,3374
2901,3287
2904,3379
2904,3366
2904,3351
2904,3332
2904,3225
2904,3204
2904,3197
2904,2996
2905,3220
2905,3139
2905,2970
2905,2940
2906,3400
2906,3394
2906,3030
2907,3193
2907,3153
2908,3137
2908,2946
2909,3296
2909,3220
2909,3137
2909,3095
2909,2988
2910,3406
2910,3324
2910,3257
2910,3248
2910,3236
2910,3213
2910,3184
2910,3137
2910,3029
2910,3025
2910,2977
2911,3137
2911,3107
2911,3080
2911,2978
2912,3300
2912,3065
2912,3029
2912,2931
2913,3004
2914,3395
2914,3182
2914,3120
2914,2976
2915,3333
2915,3301
2915,3220
2915,3130
2915,3022
2915,2981
2915,2960
2916,3184
2916,3080
2917,3392
2917,3184
2917,3010
2918,3387
2918,3340
2918,3276
2918,3247
2918,3203
2918,3019
2919,3135
2920,3014
2921,3288
2921,3275
2921,3024
2921,3015
2923,3389
2923,3380
2923,3172
2923,3152
2923,3100
2923,2933
2924,3428
2924,3390
2924,3250
2924,3143
2925,3400
2925,3166
2926,3393
2927,3399
2927,3315
2927,3303
2927,3302
2927,3263
2927,3197
2927,3168
2927,3095
2927,3064
2928,3064
2928,3047
2928,3036
2928,3023
2929,3114
2929,3073
2929,3035
2931,3253
2931,3051
2931,3023
2931,2969
2932,3345
2932,3344
2932,3313
2933,3097
2933,2941
2934,3061
2935,3275
2935,3146
2935,3040
2936,3412
2936,3391
2936,3273
2936,3258
2936,3214
2936,3150
2937,3421
2937,3412
2937,3386
2937,3261
2937,3081
2937,3016
2937,2989
2937,2965
2938,3086
2938,2942
2939,3337
2939,3298
2939,3289
2939,3164
2939,3056
2939,2957
2942,3415
2942,3214
2942,3041
2942,3038
2943,3342
2943,3150
2943,3094
2945,3151
2946,3436
2946,3329
2946,3277
2946,3238
2946,3140
2947,3379
2947,3252
2947,3235
2947,2990
2947,2973
2948,3232
2948,3129
2948,3104
2948,3098
2948,3082
2948,2969
2949,3335
2950,3385
2950,3379
2950,3297
2950,3264
2950,2984
2950,2951
2953,3324
2953,3129
2953,3054
2953,2967
2955,3406
2955,3298
2955,3261
2955,3190
2955,3081
2955,3076
2955,3072
2955,2968
2956,3130
2957,3405
2957,2976
2958,3341
2958,3224
2958,3172
2960,3342
2960,3116
2960,3085
2961,2966
2962,3111
2964,3357
2964,3204
2965,3157
2966,3406
2966,3347
2966,3286
2966,3229
2966,3036
2967,2978
2968,3262
2969,3253
2969,3064
2969,2994
2970,3182
2970,3151
2973,3328
2973,3281
2973,3248
2973,3088
2974,3394
2974,3119
2974,3065
2976,3368
2976,3313
2976,3253
2976,3154
2977,3417
2977,3390
2977,3362
2977,3321
2977,2994
2978,3229
2978,2987
2979,3369
2979,3267
2979,3170
2979,3110
2980,3344
2980,3132
2981,3324
2984,3350
2984,3313
2984,3224
2984,3211
2984,3070
2984,3043
2985,3430
2985,3014
2986,3435
2986,3123
2987,3301
2987,3056
2988,3345
2988,3030
2989,3422
2989,3364
2989,3352
2989,3328
2989,3274
2989,3241
2990,3203
2990,3018
2991,3206
2992,3425
2992,3415
2992,3203
2992,3194
2992,3179
2992,3005
2993,3388
2993,3042
2994,3342
2994,3065
2995,3377
2995,3298
2995,3089
2996,3326
2996,3219
2996,3206
2996,3179
2996,3111
2996,3013
2997,3185
2997,3136
2997,3014
2999,3391
2999,3359
2999,3274
2999,3179
2999,3160
3000,3399
3000,3299
3000,3064
3001,3422
3001,3274
3001,3272
3001,3196
3001,3148
3002,3179
3002,3170
3002,3120
3004,3384
3004,3080
3004,3052
3004,3030
3005,3297
3005,3046
3005,3035
3005,3018
3006,3261
3007,3393
3007,3296
3007,3182
3007,3162
3009,3434
3009,3150
3010,3414
3010,3149
3010,3111
3010,3023
3011,3369
3012,3136
3013,3211
3013,3020
3014,3339
3014,3324
3015,3297
3015,3089
3016,3386
3016,3280
3016,3255
3016,3107
3016,3102
3016,3021
3017,3406
3017,3373
3017,3132
3017,3115
3017,3089
3017,3075
3017,3049
3017,3021
3018,3351
3018,3038
3019,3096
3020,3400
3020,3352
3020,3278
3020,3264
3020,3191
3020,3187
3020,3066
3021,3406
3021,3380
3021,3225
3021,3185
3021,3111
3021,3100
3022,3206
3023,3400
3023,3237
3023,3078
3024,3157
3025,3388
3025,3339
3025,3232
3025,3108
3026,3153
3026,3142
3026,3059
3027,3375
3027,3363
3027,3307
3027,3240
3027,3224
3027,3196
3027,3184
3027,3106
3027,3068
3028,3167
3028,3160
3029,3348
3029,3139
3030,3213
3032,3361
3032,3329
3032,3277
3033,3355
3034,3371
3034,3369
3034,3329
3034,3219
3034,3196
3034,3124
3034,3049
3035,3385
3035,3332
3035,3224
3035,3194
3035,3173
3035,3118
3035,3111
3035,3062
3035,3039
3036,3345
3036,3317
3036,3237
3036,3168
3038,3363
3038,3357
3038,3280
3038,3192
3038,3185
3039,3391
3039,3049
3040,3166
3040,3095
3040,3056
3041,3330
3041,3272
3041,3261
3041,3206
3042,3084
3042,3054
3043,3327
3043,3276
3043,3144
3043,3077
3046,3346
3046,3327
3046,3167
3046,3070
3046,3060
3048,3160
3048,3144
3049,3255
3049,3094
3049,3057
3050,3369
3050,3306
3051,3337
3051,3203
3051,3111
3051,3079
3051,3066
3052,3426
3052,3400
3052,3279
3052,3137
3054,3392
3056,3362
3056,3324
3056,3236
3056,3139
3057,3136
3058,3419
3058,3163
3060,3418
3060,3273
3061,3191
3061,3179
3062,3239
3062,3186
3062,3086
3063,3088
3064,3433
3065,3087
3065,3080
3067,3253
3069,3410
3069,3306
3069,3210
3070,3296
3070,3077
3072,3117
3073,3430
3073,3394
3073,3342
3073,3129
3073,3084
3075,3419
3075,3411
3075,3219
3075,3157
3075,3145
3075,3100
3076,3299
3076,3277
3076,3224
3076,3097
3077,3306
3078,3116
3078,3114
3079,3360
3079,3201
3079,3185
3079,3154
3079,3120
3079,3115
3080,3174
3080,3153
3081,3380
3081,3291
3081,3199
3081,3190
3082,3100
3083,3224
3084,3428
3084,3363
3084,3301
3085,3292
3086,3323
3086,3215
3087,3415
3087,3273
3087,3211
3087,3194
3088,3211
3088,3132
3089,3375
3089,3259
3089,3235
3090,3263
3090,3248
3090,3184
3091,3201
3092,3301
3092,3202
3093,3405
3094,3381
3094,3275
3094,3274
3094,3207
3094,3198
3096,3227
3096,3104
3097,3425
3097,3211
3097,3100
3099,3320
3100,3431
3100,3345
3100,3259
3100,3172
3100,3136
3101,3278
3101,3259
3101,3212
3102,3369
3102,3355
3102,3302
3102,3258
3102,3253
3102,3215
3102,3178
3103,3406
3104,3213
3104,3106
3106,3420
3106,3379
3106,3258
3106,3125
3107,3245
3107,3243
3107,3213
3107,3206
3107,3195
3108,3394
3108,3227
3109,3421
3109,3291
3109,3256
3109,3224
3109,3214
3109,3203
3109,3186
3110,3385
3110,3280
3110,3148
3111,3405
3111,3169
3112,3320
3112,3316
3112,3281
3113,3369
3114,3304
3115,3418
3115,3256
3115,3240
3115,3208
3115,3117
3116,3345
3116,3186
3117,3323
3117,3232
3117,3226
3117,3119
3118,3342
3118,3311
3118,3299
3118,3224
3119,3394
3120,3347
3120,3253
3120,3152
3120,3145
3124,3140
3128,3192
3132,3422
3132,3410
3132,3406
3132,3352
3132,3298
3132,3273
3132,3133
3136,3396
3136,3378
3137,3417
3137,3339
3137,3238
3138,3291
3139,3400
3139,3363
3139,3250
3139,3158
3140,3343
3140,3263
3140,3188
3142,3166
3144,3191
3145,3306
3145,3247
3146,3355
3148,3173
3150,3281
3150,3273
3150,3258
3150,3178
3150,3165
3151,3403
3151,3347
3151,3247
3152,3225
3153,3324
3154,3376
3154,3337
3154,3273
3154,3171
3155,3179
3156,3434
3156,3253
3156,3169
3157,3332
3157,3265
3157,3199
3158,3237
3158,3231
3159,3246
3160,3395
3160,3288
3160,3247
3160,3241
3162,3194
3162,3178
3162,3167
3164,3409
3165,3391
3166,3300
3166,3168
3167,3403
3167,3343
3168,3308
3168,3291
3168,3274
3168,3263
3169,3273
3169,3235
3171,3337
3171,3255
3171,3201
3172,3395
3172,3344
3172,3331
3172,3306
3172,3299
3173,3434
3173,3274
3173,3219
3174,3364
3174,3286
3174,3274
3175,3350
3177,3393
3177,3199
3177,3185
3178,3287
3179,3406
3179,3347
3179,3341
3179,3292
3179,3289
3179,3240
3179,3198
3182,3341
3182,3296
3182,3259
3184,3394
3184,3388
3184,3304
3184,3293
3185,3345
3186,3254
3186,3210
3188,3409
3188,3275
3188,3256
3189,3350
3191,3342
3191,3287
3191,3206
3192,3330
3192,3247
3193,3342
3194,3321
3195,3293
3195,3237
3196,3391
3196,3386
3196,3346
3196,3244
3197,3395
3198,3355
3198,3256
3199,3287
3203,3369
3203,3349
3203,3308
3203,3287
3204,3346
3206,3379
3206,3304
3207,3409
3207,3395
3207,3306
3207,3224
3209,3421
3209,3280
3210,3403
3210,3327
3210,3326
3210,3262
3211,3335
3211,3239
3212,3418
3212,3332
3212,3249
3213,3284
3214,3416
3214,3359
3214,3320
3214,3215
3215,3427
3215,3396
3215,3387
3219,3402
3220,3412
3220,3250
3220,3228
3221,3279
3221,3272
3221,3225
3222,3346
3223,3421
3223,3380
3224,3275
3224,3264
3224,3248
3226,3384
3228,3321
3229,3324
3229,3243
3232,3336
3233,3421
3236,3288
3236,3275
3237,3293
3237,3243
3238,3399
3238,3362
3239,3332
3240,3367
3240,3278
3241,3396
3241,3386
3244,3371
3246,3341
3246,3279
3247,3395
3247,3319
3247,3273
3247,3259
3247,3258
3248,3367
3250,3287
3253,3373
3253,3285
3255,3307
3256,3281
3258,3373
3259,3431
3259,3391
3259,3358
3260,3353
3260,3263
3261,3306
3263,3334
3264,3360
3264,3321
3264,3313
3264,3297
3264,3285
3265,3391
3265,3361
3265,3289
3269,3390
3269,3324
3270,3297
3272,3357
3272,3349
3273,3379
3273,3299
3274,3351
3276,3422
3276,3421
3276,3344
3276,3279
3277,3374
3278,3327
3279,3384
3279,3284
3280,3328
3284,3430
3285,3331
3286,3301
3287,3411
3288,3337
3288,3296
3289,3342
3291,3338
3292,3344
3293,3400
3295,3359
3296,3422
3296,3342
3298,3341
3301,3303
3303,3428
3304,3397
3306,3391
3306,3321
3307,3321
3308,3330
3312,3420
3312,3381
3313,3406
3316,3367
3317,3363
3319,3421
3319,3341
3320,3419
3320,3416
3323,3335
3324,3394
3326,3422
3326,3402
3326,3364
3327,3403
3328,3377
3331,3403
3332,3395
3335,3367
3337,3379
3339,3399
3340,3344
3342,3374
3342,3366
3345,3373
3346,3405
3346,3360
3346,3353
3350,3431
3350,3353
3353,3393
3353,3365
3356,3373
3356,3371
3358,3427
3359,3410
3359,3379
3360,3412
3364,3390
3365,3427
3365,3402
3367,3374
3369,3371
3374,3415
3374,3396
3378,3391
3391,3421
3396,3406
3398,3420
3399,3430
3431,3433
3438,3667
3440,3735
3440,3656
3442,3924
3442,3641
3443,3612
3448,3755
3448,3707
3448,3618
3448,3568
3448,3542
3449,3667
3449,3533
3449,3463
3452,3563
3452,3518
3455,3962
3455,3831
3455,3694
3456,3542
3458,3821
3459,3947
3459,3460
3460,3763
3460,3510
3461,3703
3461,3462
3463,3685
3465,3782
3465,3758
3466,3830
3466,3800
3468,3843
3468,3678
3468,3602
3469,3964
3469,3938
3469,3914
3470,3577
3471,3721
3471,3707
3471,3635
3471,3599
3472,3830
3474,3909
3475,3804
3475,3654
3475,3525
3477,3804
3477,3578
3479,3480
3481,3800
3481,3577
3482,3944
3482,3936
3482,3791
3482,3728
3483,3818
3484,3936
3484,3627
3485,3880
3485,3586
3485,3503
3486,3931
3486,3781
3486,3671
3486,3634
3486,3507
3487,3710
3488,3552
3491,3902
3491,3721
3491,3625
3491,3543
3492,3962
3493,3976
3493,3945
3493,3882
3494,3907
3494,3666
3495,3919
3495,3744
3496,3948
3496,3703
3496,3542
3497,3938
3497,3860
3497,3797
3498,3710
3499,3973
3501,3930
3501,3795
3501,3770
3501,3576
3503,3948
3503,3928
3503,3877
3504,3851
3505,3687
3505,3666
3505,3655
3506,3900
3507,3758
3508,3832
3508,3787
3508,3608
3509,3764
3510,3558
3511,3591
3512,3851
3514,3877
3515,3803
3515,3793
3515,3738
3515,3714
3517,3971
3517,3889
3518,3734
3518,3672
3520,3902
3520,3838
3520,3710
3521,3832
3522,3604
3523,3886
3524,3943
3526,3542
3527,3913
3527,3591
3528,3933
3528,3722
3528,3674
3528,3642
3528,3568
3529,3631
3532,3838
3532,3818
3532,3569
3533,3785
3534,3973
3534,3553
3535,3829
3535,3617
3540,3889
3540,3880
3540,3872
3540,3609
3540,3565
3542,3832
3544,3651
3545,3933
3545,3877
3545,3707
3545,3639
3547,3577
3548,3926
3549,3780
3553,3962
3553,3793
3553,3786
3553,3588
3555,3861
3556,3842
3556,3633
3557,3654
3557,3591
3559,3670
3560,3886
3561,3906
3561,3841
3562,3944
3562,3611
3565,3926
3565,3603
3567,3871
3569,3956
3571,3764
3571,3749
3572,3786
3573,3860
3573,3839
3573,3674
3574,3674
3574,3603
3575,3838
3576,3943
3576,3886
3576,3866
3577,3730
3577,3687
3577,3610
3578,3944
3578,3864
3578,3800
3579,3899
3583,3794
3586,3838
3586,3730
3591,3702
3594,3683
3596,3765
3597,3615
3598,3728
3599,3876
3600,3909
3601,3830
3602,3956
3603,3968
3603,3741
3603,3605
3604,3978
3605,3933
3605,3717
3607,3809
3609,3847
3609,3780
3609,3707
3610,3781
3611,3841
3611,3613
3612,3782
3613,3661
3614,3784
3616,3774
3617,3752
3617,3714
3617,3687
3618,3886
3620,3915
3620,3793
3620,3634
3621,3872
3623,3714
3625,3867
3625,3651
3627,3884
3628,3858
3628,3838
3633,3658
3635,3966
3635,3805
3635,3677
3638,3749
3640,3756
3640,3683
3640,3674
3642,3934
3642,3693
3643,3969
3643,3947
3643,3878
3644,3941
3645,3937
3646,3945
3647,3699
3648,3895
3651,3962
3651,3934
3651,3795
3651,3765
3652,3754
3654,3948
3654,3943
3654,3902
3655,3914
3656,3850
3656,3760
3658,3926
3658,3851
3658,3841
3659,3916
3662,3894
3664,3957
3665,3832
3666,3873
3667,3861
3668,3767
3670,3737
3671,3881
3672,3750
3674,3968
3674,3703
3674,3687
3680,3875
3682,3811
3684,3838
3684,3815
3686,3785
3686,3741
3686,3702
3690,3909
3690,3777
3691,3841
3692,3884
3692,3831
3693,3918
3693,3866
3693,3721
3694,3710
3695,3734
3697,3889
3697,3883
3698,3776
3702,3898
3702,3766
3703,3851
3703,3824
3705,3796
3708,3899
3710,3936
3711,3821
3712,3908
3712,3804
3715,3831
3718,3786
3718,3763
3719,3786
3722,3793
3730,3860
3730,3779
3731,3962
3731,3780
3734,3839
3734,3784
3735,3831
3737,3971
3737,3830
3737,3762
3738,3904
3741,3919
3744,3756
3752,3803
3754,3903
3754,3784
3755,3934
3756,3790
3757,3924
3758,3866
3758,3826
3760,3966
3761,3909
3765,3790
3766,3967
3768,3870
3771,3915
3771,3814
3773,3948
3773,3835
3779,3934
3779,3788
3784,3927
3786,3823
3788,3948
3788,3943
3789,3975
3794,3976
3800,3866
3802,3869
3804,3914
3804,3889
3805,3926
3809,3850
3813,3824
3818,3947
3819,3857
3821,3914
3822,3851
3823,3972
3823,3870
3825,3948
3826,3927
3827,3936
3828,3914
3830,3927
3839,3979
3839,3929
3842,3898
3848,3901
3855,3903
3855,3870
3858,3962
3866,3966
3866,3946
3869,3909
3869,3907
3869,3895
3877,3884
3883,3884
3884,3966
3889,3948
3895,3969
3911,3913
3918,3943
3930,3970
3955,3969
3955,3958
3962,3979
3981,4021
3988,4023
4005,4030
4005,4018
user 5,friend 5
0,461
1,128
1,84
1,62
1,40
1,30
1,26
3,94
5,346
5,60
7,146
7,98
7,26
9,212
13,347
13,250
16,65
19,219
19,144
21,139
21,113
22,313
22,104
24,285
25,334
25,299
26,341
26,235
27,341
29,314
30,315
30,246
30,130
30,105
31,298
31,188
34,1473
38,340
38,104
39,258
39,132
40,75
40,62
45,50
48,146
50,163
53,311
54,274
54,113
55,332
55,290
55,196
55,172
58,3434
60,332
60,281
60,238
62,299
62,250
62,119
62,104
65,313
65,239
65,231
65,98
66,290
66,257
66,98
66,82
67,189
69,213
72,332
72,142
73,313
73,213
75,280
75,130
75,113
76,308
76,159
76,79
79,248
80,295
80,108
82,297
83,142
83,120
83,88
84,222
84,109
85,197
85,148
87,242
92,332
92,300
92,139
92,119
94,281
96,329
97,307
98,269
98,248
98,136
103,280
105,332
105,291
105,188
107,2597
107,2407
107,2196
107,2135
107,2117
107,653
107,505
107,460
107,457
109,313
109,247
109,173
109,163
111,116
117,276
117,272
117,170
118,298
118,281
119,221
121,339
121,211
122,223
122,211
122,199
122,159
123,159
125,128
126,315
126,161
126,158
128,329
128,304
128,161
129,334
129,141
132,339
132,271
133,199
134,332
136,2644
136,2516
136,2484
136,2411
136,2409
136,2385
136,2353
136,2332
136,2312
136,2274
136,2206
136,2182
136,2065
136,2060
136,2047
136,1959
136,1702
136,1369
136,906
136,332
136,313
142,338
142,211
156,277
158,265
159,280
159,200
159,187
161,345
161,251
161,212
163,324
163,213
164,334
164,238
165,294
165,272
168,232
168,213
169,338
169,323
170,291
171,1721
171,1465
171,334
171,261
171,211
173,378
173,329
175,334
175,302
175,186
176,288
176,268
178,341
178,277
180,188
185,347
185,246
185,212
186,298
186,294
189,203
194,277
194,252
196,314
196,236
200,238
200,208
203,323
203,291
203,221
203,213
208,323
208,294
211,251
212,339
217,329
217,269
221,341
222,303
224,340
224,314
224,302
231,338
231,297
236,237
238,298
239,281
246,265
248,329
249,320
249,272
251,342
251,300
257,332
257,323
261,308
268,291
274,303
276,277
291,324
297,317
299,342
303,313
308,341
331,342
348,1570
348,1497
348,1487
348,1221
348,997
348,976
348,946
348,915
348,591
350,654
350,472
350,404
352,1867
352,1827
352,1543
352,1467
352,1380
352,669
352,526
352,514
352,415
353,1826
353,1655
353,1647
353,1608
353,1572
353,1554
353,1367
353,1355
353,1296
353,1104
353,1100
353,1029
353,498
353,372
353,354
354,525
354,461
354,433
355,1095
359,1300
359,563
360,614
360,469
360,451
360,392
360,385
360,378
361,485
361,465
361,419
361,414
361,370
362,1148
362,455
362,444
362,374
363,1881
363,1753
363,1750
363,1745
363,1636
363,1470
363,1447
363,1409
363,1341
363,1300
363,1283
363,1255
363,1241
363,1170
363,927
363,919
363,567
363,390
363,375
365,557
365,391
366,1768
366,1491
366,1471
366,1357
366,1352
366,1322
366,1269
366,1184
366,1181
366,1156
366,1056
366,1039
366,947
366,656
366,645
366,556
367,1536
367,1229
367,625
367,604
367,567
367,498
367,382
367,368
368,1688
368,1680
368,1506
368,630
368,516
368,512
368,507
368,451
368,439
369,569
369,507
370,1870
370,1226
370,629
370,547
370,446
371,455
372,1179
372,641
372,565
372,541
372,510
372,450
373,1835
373,1773
373,1628
373,1573
373,1514
373,1406
373,1373
373,1367
373,1350
373,1313
373,612
373,531
373,519
373,518
373,451
373,422
373,383
374,1475
374,1459
374,936
374,540
374,503
375,639
375,519
375,389
376,1893
376,1823
376,1801
376,1680
376,1644
376,1610
376,1590
376,1570
376,1311
376,1296
376,1290
376,1101
376,1066
376,635
376,429
378,1901
378,1563
378,1536
378,1357
378,601
378,539
378,460
379,462
381,1745
381,1472
381,1332
381,1041
382,475
385,1800
385,1767
385,917
385,641
385,514
385,440
385,419
387,427
387,413
388,1875
388,1695
388,591
388,525
388,506
388,391
389,1815
389,1635
389,1547
389,1514
389,1051
389,1009
389,444
390,523
390,494
390,474
391,1126
391,1104
391,1001
391,620
391,593
391,569
391,546
391,540
391,489
392,1777
392,1549
394,1110
394,477
395,1899
395,1882
395,1515
395,1475
395,1427
395,1425
395,1226
395,609
395,568
395,397
396,580
396,473
397,596
397,461
397,413
398,1768
398,1514
398,915
398,641
398,604
398,580
398,555
400,1833
400,1680
400,516
400,507
402,1408
402,1070
402,484
402,455
402,434
403,1606
404,1878
404,1665
404,1539
404,1358
404,1311
404,936
404,521
404,517
405,634
405,505
407,488
408,1583
408,1526
408,1518
408,1482
408,1265
408,1114
408,1022
408,1014
409,1878
409,1864
409,1079
409,531
409,506
409,451
410,565
410,527
410,507
410,416
410,414
412,1514
412,1334
412,1155
412,1104
412,620
412,570
412,540
412,491
412,478
412,435
412,415
413,557
413,469
413,439
414,1853
414,1813
414,1786
414,1659
414,1630
414,1628
414,1551
414,1543
414,1509
414,1419
414,1402
414,1367
414,1347
414,1269
414,1124
414,1012
414,503
414,417
415,1574
415,541
415,480
416,1446
416,527
416,519
417,1861
417,1525
417,1514
417,1497
417,667
417,569
417,496
418,541
419,976
419,671
419,548
419,542
420,1329
420,1122
420,940
420,472
420,433
421,1179
421,676
421,528
421,526
421,480
422,1574
422,1526
422,1512
422,1191
422,1032
422,482
423,1833
423,1725
423,1001
423,580
423,515
423,512
423,457
423,455
425,1159
425,1070
425,646
425,546
425,505
425,494
426,430
427,930
427,432
428,1899
428,1853
428,1828
428,1782
428,1739
428,1632
428,1616
428,1602
428,1594
428,1438
428,1413
428,1369
428,1340
428,1311
428,1263
428,1004
428,666
428,560
428,556
429,534
429,516
429,462
430,1114
430,1079
430,512
430,506
430,500
430,486
430,479
430,473
430,433
431,1625
431,1597
431,1428
431,1209
431,1029
431,917
431,557
431,534
432,1300
432,542
432,536
434,1744
434,1606
434,560
435,671
435,544
435,448
436,1628
436,1495
436,1475
436,1408
436,1275
436,1078
436,560
436,540
436,521
436,481
437,1882
437,474
438,1882
438,1853
438,1778
438,1473
438,1446
438,1427
438,1166
438,1108
438,948
438,905
438,647
438,637
439,1210
439,652
439,610
439,568
439,497
439,479
440,1179
440,507
442,1882
442,457
442,451
444,592
444,521
444,519
445,1512
445,1427
445,450
446,1148
449,1514
449,620
449,479
450,1543
450,571
450,524
451,1878
451,1606
451,559
451,555
451,538
452,1473
452,646
452,524
455,1210
455,456
456,1720
456,1536
456,1250
456,507
456,483
456,459
457,507
458,669
458,651
458,513
458,462
460,1730
461,1870
461,1724
461,1674
461,1199
461,680
461,539
461,485
462,1844
462,1400
462,524
462,470
462,463
463,1574
463,1273
463,484
465,1159
465,1079
469,1392
469,606
470,549
470,484
471,1237
471,551
471,512
471,482
472,645
472,511
473,1853
473,1592
473,1179
473,641
473,509
474,532
474,520
474,497
475,1742
475,1488
475,1459
475,1456
475,1447
475,1436
475,1226
475,1041
475,975
475,962
475,620
475,560
475,526
475,510
475,493
475,486
475,485
478,646
478,556
478,551
479,1620
479,1616
479,1318
479,1210
479,1191
479,485
480,1606
481,645
481,620
481,548
481,545
481,544
481,530
481,528
482,645
482,508
483,1714
483,1699
483,1632
483,1630
483,1608
483,1607
483,1589
483,1525
483,1416
483,1257
483,1205
483,1191
483,1164
483,1067
483,925
483,924
483,905
483,898
483,555
483,547
483,511
484,1868
484,1846
484,1841
484,1796
484,1757
484,1695
484,1603
484,1563
484,1449
484,1399
484,1391
484,1366
484,1356
484,1355
484,1327
484,1169
484,951
484,947
484,912
484,907
484,906
484,547
484,531
485,566
485,559
487,1406
487,537
488,1716
488,1332
488,1300
488,560
489,1645
489,524
489,497
490,1513
490,1149
491,1801
491,591
491,538
491,529
492,1818
492,1732
492,1525
492,1512
492,1492
492,520
493,1768
493,669
494,1699
494,1358
495,563
495,549
495,545
495,496
496,1783
496,1524
496,954
496,653
496,500
497,1881
497,1767
497,1436
497,1155
497,1041
497,1001
497,676
497,528
498,591
498,548
500,1870
500,619
500,617
500,518
502,1435
502,1300
503,948
503,930
504,534
505,1425
506,1734
506,1318
506,1159
506,948
506,644
506,614
506,534
507,1844
507,1464
507,543
508,580
509,570
510,1882
510,522
511,1789
511,1358
511,652
511,544
511,535
512,1744
512,1572
512,1275
512,1245
512,912
512,539
513,1744
513,1660
513,1018
513,917
513,679
513,662
513,644
513,536
513,528
514,1408
514,1210
515,1624
515,1446
515,1367
515,666
517,1808
517,1636
517,1622
517,1599
517,1530
517,1284
517,1278
517,1231
517,1012
517,609
517,533
520,1790
520,1694
520,1018
520,645
520,614
520,571
520,548
521,1237
523,1695
523,1595
523,1106
523,635
523,557
524,1429
524,1114
524,526
525,1778
525,1453
525,1370
525,1318
525,1110
525,1009
526,1888
526,1877
526,1843
526,1780
526,1767
526,1718
526,1713
526,1577
526,1549
526,1534
526,1517
526,1491
526,1484
526,1464
526,1440
526,1380
526,1374
526,1267
526,1014
526,1001
526,926
526,913
526,653
527,548
528,559
530,546
534,542
535,1716
536,1349
536,1025
537,1742
537,1309
537,1131
537,1018
537,916
538,1902
538,1891
538,1696
538,1689
538,1616
538,1585
538,1517
538,1510
538,1453
538,1437
538,1304
538,1222
538,1108
538,927
538,586
539,1080
539,591
539,561
540,1745
540,554
541,1778
542,1899
542,1878
542,1485
542,1282
542,1223
542,1079
542,1068
542,563
542,544
543,1400
543,553
544,1897
544,1816
544,1446
544,1121
544,917
544,666
545,1692
545,1654
545,1574
545,1563
546,1687
546,549
547,1573
547,637
547,606
548,1595
548,1122
548,1025
549,673
551,566
553,1881
553,1661
553,1444
553,1374
553,1095
553,651
555,563
556,1080
556,1049
556,930
556,590
557,1740
557,669
557,652
558,907
558,559
559,1859
559,1778
559,1663
559,1647
559,1437
559,1223
559,673
560,1237
561,1736
561,1729
561,1609
562,1320
563,1906
563,1858
563,1831
563,1806
563,1803
563,1770
563,1763
563,1753
563,1700
563,1652
563,1603
563,1539
563,1407
563,1322
563,1068
563,1047
563,914
563,680
565,1514
566,1903
566,1901
566,1897
566,1895
566,1893
566,1882
566,1862
566,1569
566,1532
566,1479
566,1473
566,1425
566,1210
566,1056
566,1044
566,982
566,927
566,905
567,1777
567,1492
567,1095
567,593
569,1595
570,1694
571,1790
573,679
574,653
575,672
580,1471
580,1432
580,1425
580,1401
580,1334
580,1278
580,1217
580,1215
580,1101
580,1052
580,915
584,1487
586,683
587,1804
588,672
588,603
589,1720
590,597
591,1850
591,1742
591,1487
591,1273
591,618
592,679
594,1870
594,1143
594,604
596,1844
596,1757
596,1747
596,1669
596,1569
596,1508
596,1475
596,1414
596,1409
596,1402
596,1348
596,1201
596,612
596,605
598,621
601,1318
601,1257
601,968
604,1790
604,1694
604,1217
604,1074
606,1789
606,1682
606,1663
606,1639
606,1573
606,1519
606,1489
606,1319
606,1167
606,1066
606,975
606,913
612,666
612,623
614,1897
614,1645
614,1148
618,1229
618,677
619,626
620,1876
620,677
629,1894
629,1871
629,1841
629,1840
629,1745
629,1677
629,1489
629,1391
629,971
633,684
633,657
634,671
637,1893
637,1863
637,1832
637,1831
637,1761
637,1688
637,1594
637,1538
637,1518
637,1310
637,1199
637,964
637,963
637,919
639,1086
641,1872
641,1795
641,1695
641,1692
641,1687
641,1463
641,1442
641,1412
641,1408
641,1255
641,1204
641,948
641,946
641,673
645,1374
645,1210
645,930
646,1645
646,1237
649,1910
651,1793
651,1751
651,1732
651,1600
651,1551
651,1464
651,1455
651,1445
651,1371
651,1366
651,1175
651,1167
651,967
651,965
651,653
652,676
654,682
669,1277
669,1238
669,1183
669,915
669,896
676,1459
679,685
683,1114
687,793
688,839
688,810
688,745
690,781
691,747
693,830
693,817
693,736
695,772
695,710
696,825
696,806
696,760
697,758
698,816
698,815
698,727
698,726
698,718
700,766
700,711
701,766
701,731
705,710
706,880
708,887
708,815
710,766
710,737
711,760
713,770
714,742
715,849
715,803
716,719
718,820
718,724
719,890
719,818
719,812
719,782
722,842
723,738
723,726
724,804
725,810
725,800
726,741
726,739
727,815
727,793
727,792
728,834
728,794
734,819
735,845
736,827
736,780
737,774
737,753
738,833
738,814
738,812
738,800
738,790
739,820
740,764
741,817
741,758
745,890
745,844
746,800
746,759
747,784
752,780
753,842
754,847
756,828
757,774
760,848
762,824
764,880
764,777
766,854
769,835
771,773
772,835
773,792
774,889
774,779
777,848
777,817
778,823
784,845
784,838
784,830
784,790
786,815
786,797
788,818
790,850
790,834
792,820
793,828
794,835
794,830
797,846
797,823
800,840
800,835
805,820
807,808
809,814
810,838
814,850
815,842
817,844
820,836
821,831
821,826
829,839
830,831
834,835
837,842
840,843
840,842
848,880
857,3858
857,3756
857,3736
857,3497
862,3800
862,3667
862,3542
869,876
896,1860
896,1851
896,1799
896,1734
896,1685
896,1539
896,1367
896,1358
896,1080
896,1010
896,940
897,1832
897,1702
897,1695
897,1611
897,1594
897,1490
897,1462
897,1346
897,1288
897,1109
897,1033
897,933
898,1887
898,1880
898,1662
898,1632
898,1562
898,1290
898,1250
898,1170
898,1117
899,1238
899,1125
900,1515
900,1487
900,1407
900,1373
900,1167
900,1158
900,1103
900,993
901,1260
901,1018
902,1907
902,1751
902,1156
902,1115
902,1021
902,941
903,1471
905,1734
905,1675
905,1191
905,1035
905,917
906,1941
906,1782
906,1702
906,1674
906,1589
906,1535
906,1491
906,1437
906,1420
906,1417
906,1405
906,1349
906,1056
906,1047
906,1001
906,913
907,1821
907,1780
907,1774
907,1659
907,1612
907,1598
907,1456
907,1297
907,1225
907,1182
907,1149
907,1026
907,983
908,1860
908,1839
908,1689
908,1471
908,1267
908,1174
908,1128
909,1888
909,1079
912,1740
912,1584
912,1273
912,1185
912,1184
912,1146
912,1079
913,1886
913,1871
913,1831
913,1754
913,1747
913,1686
913,1660
913,1619
913,1610
913,1542
913,1482
913,1338
913,1269
913,1264
913,1107
913,1062
914,1895
914,1672
914,1576
914,1514
914,1488
914,1480
914,1343
914,1296
914,1280
914,1277
914,1198
914,1180
914,1110
914,930
915,1767
915,1584
915,1507
915,1257
915,1091
915,1054
916,1858
916,1829
916,1780
916,1737
916,1688
916,1667
916,1570
916,1095
916,951
917,1861
917,1837
917,1815
917,1736
917,1662
917,1655
917,1604
917,1538
917,1416
917,1375
917,1295
917,1190
917,1078
917,1035
917,1015
917,963
917,924
917,921
919,1756
919,1688
919,1616
919,1497
919,1388
919,1348
919,1334
919,1085
919,975
919,921
920,1750
920,1355
920,1300
920,1291
920,1083
920,1059
920,944
921,1898
921,1886
921,1785
921,1728
921,1712
921,1658
921,1614
921,1580
921,1576
921,1539
921,1357
921,1344
921,1032
921,1006
921,964
922,1879
922,1816
922,1734
922,1576
922,1484
922,1383
922,1330
922,1149
922,1114
922,1069
922,1004
922,983
922,980
923,1864
923,1837
923,1813
923,1799
923,1623
923,1518
923,1451
923,1137
923,1074
923,1017
923,959
924,1884
924,1794
924,1704
924,1652
924,1489
924,1426
924,1352
924,1311
924,1257
924,1189
924,1115
924,1078
924,1076
924,1062
925,1903
925,1817
925,1677
925,1662
925,1609
925,1575
925,1512
925,1370
925,1359
925,1351
925,1347
925,1159
925,1070
926,1907
926,1886
926,1881
926,1856
926,1774
926,1570
926,1554
926,1538
926,1452
926,1377
926,1365
926,1211
926,1116
927,1883
927,1871
927,1697
927,1588
927,1527
927,1424
927,1380
927,1372
927,1257
927,1116
927,1083
928,1178
930,1786
930,1639
930,1496
930,1448
930,1416
930,1237
930,1014
931,948
932,2609
932,1911
932,1910
932,1522
932,1427
932,1357
932,1336
932,1288
932,1226
932,1048
932,1006
933,1894
933,1804
933,1734
933,1622
933,1453
933,1292
933,1129
933,1015
934,1816
934,1722
934,1702
934,1655
934,1645
934,1632
934,1485
934,1445
934,1435
934,1380
934,1351
934,1303
934,1180
934,1043
935,1780
935,1746
935,1554
935,1481
935,1462
935,1367
935,1183
935,1032
935,967
936,1714
936,1634
936,1595
936,1513
936,1427
936,1048
937,1646
937,1632
937,1612
937,1531
937,1371
939,1574
939,1504
939,1487
939,1473
940,1459
941,1750
941,1738
941,1515
941,1393
941,1392
941,1320
941,1148
941,1072
941,1007
942,1800
942,1756
942,1459
942,1358
942,1195
942,1100
942,1065
942,983
943,1753
943,1748
943,1619
943,1565
943,1479
943,1397
943,1339
943,1310
943,1280
943,1255
943,1226
943,1079
944,1907
944,1850
944,1831
944,1644
944,1106
944,1015
944,1000
945,1508
945,1503
946,1895
946,1885
946,1779
946,1767
946,1739
946,1699
946,1688
946,1424
946,1359
946,1335
946,1308
946,1265
946,1226
946,1191
947,1738
947,1547
947,1534
947,1518
947,1511
947,1475
947,1437
947,1375
947,1370
947,1336
947,1258
947,1201
947,1018
948,1835
948,1528
948,1515
948,1504
948,1356
948,1272
948,1236
948,1107
948,1076
949,1910
949,1876
949,1756
949,1487
949,1378
950,1874
950,1839
950,1335
950,1083
950,980
951,1752
951,1705
951,1570
951,1531
951,1419
951,1225
951,1136
951,1077
951,1029
951,1017
952,1839
952,1632
952,1626
952,1614
952,1532
952,1485
952,1477
952,1461
952,1222
952,1181
952,1047
953,1909
953,1796
953,1757
953,1623
953,1528
953,1485
953,1475
953,1449
953,1441
953,1436
953,1420
953,1344
953,1288
953,1181
953,1133
953,1122
953,1049
954,1754
954,1723
954,1713
954,1686
954,1637
954,1604
954,1603
954,1334
954,1257
954,1238
954,1118
954,1082
954,962
956,1880
956,1546
957,1875
957,1625
957,1451
957,1447
957,1417
957,1391
957,1318
957,1294
957,1184
957,1146
957,1042
957,1025
958,1217
959,1819
959,1810
959,1774
959,1769
959,1480
959,1415
959,1399
959,1398
959,1339
959,1143
959,1083
959,997
960,1900
960,1851
960,1849
960,1595
960,1535
960,1355
960,1342
960,1330
960,1159
960,1036
960,1003
961,1858
961,1524
961,1214
961,1207
961,1049
962,1932
962,1904
962,1885
962,1849
962,1823
962,1805
962,1604
962,1590
962,1578
962,1523
962,1521
962,1429
962,1334
962,1226
962,1191
962,1189
962,1188
962,1170
962,1151
962,1108
963,1867
963,1699
963,1684
963,1630
963,1490
963,1160
963,1159
963,1001
964,1859
964,1717
964,1703
964,1675
964,1619
964,1504
964,1258
964,1011
965,1638
965,1492
965,1334
965,1289
965,1227
965,1183
965,1093
965,1019
966,1818
966,1712
966,1679
966,1636
966,1565
966,1544
966,1542
966,1531
966,1523
966,1436
966,1308
966,1280
966,1212
966,1164
966,1160
966,1148
967,1832
967,1770
967,1740
967,1619
967,1609
967,1537
967,1337
967,1308
967,1219
967,1198
967,1184
967,1084
967,1066
968,1879
968,1828
968,1782
968,1686
968,1663
968,1634
968,1443
968,1404
968,1359
969,1848
969,1694
969,1636
969,1431
969,1371
969,1281
969,1233
969,1216
969,1192
969,1121
969,1103
969,1035
969,981
970,1735
970,1528
971,1878
971,1812
971,1529
971,1414
971,1221
971,1173
971,1036
971,975
972,1791
972,1707
972,1531
972,1528
972,1343
972,1287
972,1243
972,1084
973,1846
973,1532
973,1359
973,1335
973,1214
973,1069
974,1750
974,1482
974,1479
974,1474
974,1032
975,1826
975,1767
975,1739
975,1706
975,1669
975,1509
975,1500
975,1364
975,1275
976,1794
976,1584
976,1491
976,1238
977,1763
977,1358
977,1345
977,1334
977,1259
977,1230
977,1185
977,1121
978,1864
978,1817
978,1672
978,1644
978,1636
978,1503
978,1430
978,1422
978,1361
978,1283
978,1114
978,999
978,994
980,1898
980,1818
980,1634
980,1569
980,1528
980,1522
980,1500
980,1417
980,1411
980,1340
980,1288
980,1265
980,1149
980,1090
981,1878
981,1781
981,1612
981,1565
981,1425
981,1215
981,1199
981,1108
982,1876
982,1782
982,1778
982,1769
982,1603
982,1582
982,1557
982,1388
982,1330
982,1316
982,1230
983,1775
983,1667
983,1656
983,1621
983,1606
983,1595
983,1594
983,1459
983,1365
983,1222
983,1132
983,1120
983,1082
983,1054
983,1024
984,1872
984,1737
984,1715
984,1496
984,1415
984,1284
984,1277
984,1183
985,1818
985,1815
985,1437
985,1427
985,1260
985,1017
986,1736
986,1730
986,1630
986,1613
986,1553
986,1380
986,1169
986,1075
987,1850
987,1612
987,1319
988,1770
988,1727
988,1669
988,1608
988,1589
988,1547
988,1529
988,1309
988,1238
989,1903
989,1870
989,1843
989,1757
989,1637
989,1596
989,1479
989,1435
989,1257
989,1142
989,1130
989,1075
989,1001
990,3203
990,2875
990,2811
990,2693
990,1791
990,1590
990,1522
990,1321
990,1110
991,1891
991,1835
991,1761
991,1736
991,1659
991,1567
991,1498
991,1405
991,1138
991,1077
992,1810
992,1261
992,1217
993,1856
993,1847
993,1674
993,1562
993,1538
993,1492
993,1350
993,1344
993,1268
993,1245
993,1069
993,1060
994,1611
994,1575
994,1475
994,1418
994,1382
994,1169
994,1142
994,1108
994,1075
994,1024
994,1020
994,1004
995,1710
995,1709
995,1505
995,1450
995,1374
995,1327
995,1178
995,1125
995,1124
996,1806
996,1523
997,1882
997,1837
997,1792
997,1734
997,1617
997,1401
997,1128
997,1116
997,1054
997,1051
997,1047
997,1026
997,1017
998,1867
998,1782
998,1626
998,1522
998,1516
998,1467
998,1416
998,1238
999,1633
999,1619
999,1566
999,1511
999,1492
999,1483
999,1480
999,1422
999,1381
999,1321
999,1302
999,1272
999,1198
999,1153
999,1069
999,1026
1000,1881
1000,1575
1000,1525
1000,1496
1000,1333
1001,1862
1001,1841
1001,1754
1001,1737
1001,1531
1001,1529
1001,1522
1001,1436
1001,1396
1001,1361
1001,1316
1001,1279
1001,1223
1001,1184
1003,1734
1003,1700
1003,1423
1003,1384
1003,1214
1003,1185
1003,1124
1003,1055
1003,1032
1004,1807
1004,1770
1004,1726
1004,1447
1004,1358
1004,1348
1004,1182
1004,1173
1004,1151
1004,1110
1005,1906
1005,1866
1005,1790
1005,1729
1005,1694
1005,1655
1005,1429
1005,1347
1005,1168
1006,1794
1006,1761
1006,1697
1006,1639
1006,1617
1006,1580
1006,1562
1006,1444
1006,1339
1006,1316
1006,1305
1006,1272
1006,1116
1007,1454
1007,1329
1007,1245
1007,1032
1008,1746
1008,1702
1008,1643
1009,1219
1009,1092
1009,1081
1009,1037
1010,1714
1010,1673
1010,1620
1010,1547
1010,1454
1010,1438
1010,1382
1010,1355
1010,1255
1010,1234
1010,1090
1010,1041
1011,1873
1011,1667
1011,1631
1011,1371
1011,1207
1012,1904
1012,1885
1012,1793
1012,1791
1012,1775
1012,1628
1012,1623
1012,1617
1012,1570
1012,1548
1012,1449
1012,1409
1012,1375
1012,1341
1012,1281
1012,1239
1013,1871
1013,1357
1013,1244
1014,1839
1014,1666
1014,1637
1014,1617
1014,1578
1014,1547
1014,1533
1014,1514
1014,1482
1014,1349
1014,1081
1015,1791
1015,1735
1017,1796
1017,1611
1017,1608
1017,1580
1017,1528
1017,1409
1017,1334
1017,1051
1018,1650
1018,1636
1018,1455
1018,1420
1018,1392
1018,1349
1018,1051
1019,1894
1019,1823
1019,1429
1019,1313
1019,1059
1020,1816
1020,1710
1020,1674
1020,1578
1020,1553
1020,1345
1020,1123
1020,1089
1021,1897
1021,1826
1021,1804
1021,1707
1021,1491
1021,1437
1021,1435
1021,1294
1021,1286
1021,1256
1021,1184
1021,1069
1021,1059
1022,1902
1022,1807
1022,1723
1022,1620
1022,1409
1022,1238
1022,1153
1023,1669
1023,1665
1023,1614
1023,1447
1023,1049
1024,1782
1024,1754
1024,1738
1024,1724
1024,1689
1024,1556
1024,1519
1024,1447
1024,1422
1024,1369
1024,1338
1024,1245
1024,1215
1024,1107
1024,1069
1025,1898
1025,1809
1025,1771
1025,1668
1025,1439
1025,1392
1025,1390
1025,1371
1025,1274
1025,1230
1026,1907
1026,1885
1026,1860
1026,1829
1026,1819
1026,1816
1026,1716
1026,1658
1026,1563
1026,1456
1026,1214
1026,1171
1026,1120
1026,1117
1026,1052
1028,1843
1028,1787
1028,1652
1028,1492
1028,1339
1028,1318
1028,1266
1028,1196
1028,1189
1028,1059
1029,2616
1029,2028
1029,2026
1029,1862
1029,1761
1029,1736
1029,1643
1029,1639
1029,1452
1029,1399
1029,1376
1029,1341
1029,1293
1029,1271
1029,1267
1029,1207
1029,1199
1029,1179
1029,1143
1030,1376
1031,1620
1031,1503
1031,1494
1031,1391
1032,1884
1032,1830
1032,1794
1032,1683
1032,1377
1032,1348
1032,1335
1032,1329
1032,1241
1032,1199
1032,1152
1033,1817
1033,1327
1035,1844
1035,1563
1035,1437
1035,1291
1035,1275
1035,1204
1035,1080
1035,1064
1036,1875
1036,1787
1036,1771
1036,1672
1036,1670
1036,1598
1036,1388
1036,1357
1036,1052
1037,1576
1037,1497
1037,1313
1037,1125
1038,1888
1038,1844
1038,1800
1038,1622
1038,1380
1038,1238
1039,1826
1039,1652
1039,1522
1039,1516
1039,1471
1039,1419
1039,1387
1039,1376
1039,1212
1039,1084
1039,1076
1040,1741
1040,1621
1040,1597
1040,1522
1040,1516
1040,1367
1040,1244
1040,1205
1040,1180
1040,1080
1041,1791
1041,1713
1041,1248
1041,1122
1042,1899
1042,1875
1042,1812
1042,1802
1042,1738
1042,1639
1042,1574
1042,1542
1042,1479
1042,1473
1042,1431
1042,1404
1043,1712
1043,1673
1043,1612
1043,1330
1043,1267
1043,1056
1044,1890
1044,1405
1044,1230
1044,1210
1044,1170
1044,1159
1044,1107
1045,1361
1047,1864
1047,1852
1047,1821
1047,1697
1047,1678
1047,1659
1047,1641
1047,1617
1047,1612
1047,1524
1047,1516
1047,1321
1047,1237
1047,1132
1047,1101
1047,1048
1048,1846
1048,1796
1048,1794
1048,1597
1048,1520
1048,1518
1048,1412
1049,1856
1049,1793
1049,1700
1049,1638
1049,1605
1049,1487
1049,1440
1049,1438
1049,1159
1049,1130
1049,1091
1050,1622
1050,1410
1050,1305
1050,1136
1051,1904
1051,1842
1051,1746
1051,1735
1051,1637
1051,1603
1051,1570
1051,1447
1051,1361
1051,1312
1051,1284
1051,1239
1051,1234
1051,1154
1051,1113
1051,1052
1052,1866
1052,1810
1052,1795
1052,1793
1052,1647
1052,1598
1052,1500
1052,1449
1052,1389
1052,1363
1052,1350
1052,1300
1052,1274
1052,1234
1052,1141
1052,1130
1052,1115
1052,1068
1052,1059
1053,1597
1053,1236
1054,1891
1054,1887
1054,1679
1054,1618
1054,1588
1054,1580
1054,1513
1054,1480
1054,1331
1054,1308
1054,1175
1054,1149
1054,1056
1055,1829
1055,1663
1055,1642
1055,1538
1055,1389
1055,1204
1055,1175
1056,1907
1056,1872
1056,1870
1056,1848
1056,1847
1056,1721
1056,1645
1056,1491
1056,1481
1056,1385
1056,1183
1056,1144
1058,1813
1058,1608
1058,1523
1058,1352
1058,1334
1058,1329
1059,1864
1059,1771
1059,1549
1059,1447
1059,1400
1059,1357
1059,1317
1059,1164
1060,1810
1060,1783
1060,1531
1060,1465
1060,1447
1060,1244
1060,1243
1060,1192
1060,1181
1062,1845
1062,1764
1062,1575
1062,1528
1062,1523
1062,1460
1062,1368
1062,1367
1062,1303
1062,1175
1063,1888
1063,1844
1063,1585
1063,1401
1063,1330
1063,1289
1063,1156
1063,1146
1064,1746
1064,1677
1064,1616
1064,1559
1064,1357
1064,1284
1064,1258
1064,1158
1065,1298
1066,1872
1066,1855
1066,1689
1066,1587
1066,1553
1066,1510
1066,1483
1066,1426
1066,1379
1066,1211
1066,1199
1067,1861
1067,1795
1067,1727
1067,1658
1067,1451
1067,1330
1067,1281
1067,1278
1067,1268
1067,1079
1068,1907
1068,1853
1068,1794
1068,1686
1068,1562
1068,1553
1068,1537
1068,1484
1068,1131
1068,1116
1068,1112
1069,1881
1069,1539
1069,1538
1069,1530
1069,1442
1069,1078
1070,1906
1070,1863
1070,1847
1070,1783
1070,1767
1070,1647
1070,1456
1070,1443
1070,1432
1070,1359
1070,1349
1070,1320
1070,1271
1070,1120
1072,1770
1072,1418
1072,1109
1073,1789
1073,1612
1073,1373
1074,2604
1074,2367
1074,2339
1074,2331
1074,2240
1074,2233
1074,1891
1074,1883
1074,1782
1074,1749
1074,1578
1074,1569
1074,1545
1074,1538
1074,1511
1074,1400
1074,1391
1074,1351
1074,1321
1074,1298
1074,1151
1075,1882
1075,1769
1075,1669
1075,1645
1075,1492
1075,1467
1075,1431
1075,1405
1075,1389
1075,1205
1075,1084
1076,1772
1076,1549
1076,1547
1076,1337
1076,1305
1076,1265
1076,1230
1076,1091
1077,2616
1077,2459
1077,2414
1077,2212
1077,2031
1077,1940
1077,1918
1077,1753
1077,1752
1077,1663
1077,1530
1077,1427
1077,1380
1077,1297
1077,1230
1077,1222
1078,1871
1078,1737
1078,1724
1078,1712
1078,1674
1078,1577
1078,1571
1078,1484
1078,1248
1078,1091
1079,1886
1079,1799
1079,1786
1079,1767
1079,1722
1079,1696
1079,1554
1079,1528
1079,1519
1079,1502
1079,1460
1079,1323
1079,1175
1079,1149
1079,1085
1080,1874
1080,1829
1080,1613
1081,1907
1081,1764
1081,1743
1081,1637
1081,1587
1081,1472
1081,1412
1081,1392
1081,1322
1081,1311
1081,1129
1081,1113
1082,1757
1082,1751
1082,1695
1082,1590
1082,1512
1082,1222
1082,1167
1082,1162
1082,1153
1082,1132
1083,1883
1083,1441
1083,1405
1083,1397
1083,1376
1083,1156
1083,1117
1084,1799
1084,1782
1084,1753
1084,1639
1084,1596
1084,1580
1084,1509
1084,1205
1084,1181
1085,3869
1085,1163
1086,1872
1086,1853
1086,1796
1086,1726
1086,1666
1086,1532
1086,1502
1086,1444
1086,1411
1086,1323
1086,1287
1086,1275
1086,1189
1086,1183
1087,1321
1088,1845
1088,1705
1088,1613
1088,1525
1088,1475
1088,1360
1088,1258
1090,1778
1090,1714
1090,1472
1090,1110
1091,1861
1091,1833
1091,1741
1091,1594
1091,1591
1092,1800
1092,1774
1092,1662
1092,1661
1092,1658
1092,1584
1092,1569
1092,1456
1092,1369
1092,1298
1092,1290
1092,1184
1092,1178
1092,1133
1092,1117
1093,1732
1093,1636
1093,1616
1093,1563
1093,1504
1093,1318
1093,1271
1093,1265
1094,1605
1094,1212
1094,1159
1095,1864
1095,1824
1095,1781
1095,1752
1095,1665
1095,1471
1095,1375
1095,1330
1095,1134
1097,1406
1098,1110
1099,1808
1099,1739
1099,1648
1099,1613
1099,1565
1099,1551
1099,1467
1099,1423
1099,1375
1099,1366
1099,1335
1099,1286
1099,1106
1100,1906
1100,1796
1100,1794
1100,1764
1100,1502
1100,1429
1100,1299
1101,1885
1101,1836
1101,1576
1101,1513
1101,1505
1101,1499
1101,1490
1101,1200
1101,1128
1101,1110
1102,1515
1102,1480
1102,1259
1102,1257
1102,1244
1102,1170
1103,1699
1103,1502
1103,1467
1104,1911
1104,1813
1104,1800
1104,1612
1104,1571
1104,1457
1104,1408
1104,1290
1104,1152
1106,1910
1106,1867
1106,1791
1106,1712
1106,1647
1106,1621
1106,1559
1106,1459
1106,1416
1106,1388
1106,1310
1106,1280
1106,1265
1106,1259
1106,1134
1106,1125
1107,1863
1107,1853
1107,1822
1107,1805
1107,1795
1107,1753
1107,1674
1107,1577
1107,1535
1107,1525
1107,1497
1107,1480
1107,1469
1107,1417
1107,1393
1107,1287
1107,1234
1107,1221
1108,1720
1108,1573
1108,1452
1108,1292
1108,1241
1108,1230
1109,1756
1109,1693
1109,1555
1109,1545
1109,1190
1109,1178
1109,1173
1110,1885
1110,1844
1110,1833
1110,1807
1110,1779
1110,1747
1110,1692
1110,1665
1110,1181
1111,1835
1112,1883
1112,1723
1112,1591
1112,1512
1112,1370
1112,1293
1112,1222
1112,1164
1113,1724
1113,1699
1113,1309
1113,1257
1113,1211
1114,1898
1114,1888
1114,1826
1114,1637
1114,1575
1114,1549
1114,1341
1114,1327
1114,1283
1114,1163
1115,1903
1115,1786
1115,1578
1115,1459
1115,1423
1116,1819
1116,1731
1116,1687
1116,1584
1116,1488
1116,1483
1116,1371
1116,1199
1116,1171
1117,1897
1117,1752
1117,1740
1117,1680
1117,1536
1117,1473
1117,1347
1117,1241
1117,1169
1118,1709
1120,1824
1120,1804
1120,1673
1120,1661
1120,1491
1120,1367
1121,1748
1121,1520
1122,1831
1122,1686
1122,1573
1122,1551
1122,1422
1122,1301
1122,1192
1122,1132
1123,1800
1123,1671
1123,1651
1123,1631
1123,1584
1123,1554
1123,1547
1123,1539
1123,1470
1123,1399
1123,1371
1123,1302
1123,1290
1123,1289
1123,1178
1124,1805
1124,1778
1124,1726
1124,1660
1124,1561
1124,1556
1124,1539
1124,1429
1124,1391
1124,1306
1124,1285
1124,1250
1124,1153
1125,1871
1125,1779
1125,1750
1125,1734
1125,1637
1125,1636
1125,1572
1125,1496
1125,1242
1125,1166
1125,1146
1126,1806
1126,1460
1126,1442
1126,1265
1126,1161
1127,1831
1127,1804
1127,1259
1127,1129
1128,1879
1128,1841
1128,1604
1128,1563
1128,1324
1128,1222
1128,1158
1128,1141
1129,1778
1129,1763
1129,1661
1129,1625
1129,1415
1130,1843
1130,1751
1130,1737
1130,1725
1130,1624
1130,1591
1130,1522
1130,1487
1131,1547
1131,1358
1131,1167
1132,1911
1132,1829
1132,1738
1132,1671
1132,1519
1132,1357
1132,1299
1132,1246
1132,1197
1133,1911
1133,1885
1133,1866
1133,1858
1133,1665
1133,1151
1134,1541
1134,1469
1134,1237
1135,1774
1135,1752
1135,1689
1135,1630
1135,1598
1135,1572
1135,1291
1135,1151
1137,1480
1138,1845
1138,1434
1139,1855
1139,1682
1140,3245
1140,3002
1140,1365
1140,1335
1141,1870
1141,1767
1141,1662
1141,1299
1141,1175
1142,1737
1142,1576
1142,1545
1142,1512
1143,1884
1143,1810
1143,1769
1143,1757
1143,1608
1143,1570
1143,1545
1143,1529
1143,1492
1143,1420
1143,1350
1143,1334
1146,1904
1146,1889
1146,1789
1146,1752
1146,1737
1146,1712
1146,1707
1146,1630
1146,1618
1146,1577
1146,1481
1146,1426
1146,1387
1146,1335
1146,1196
1147,1801
1147,1773
1147,1631
1147,1459
1147,1304
1147,1214
1148,1614
1148,1545
1148,1428
1148,1376
1149,1897
1149,1842
1149,1610
1149,1590
1149,1524
1149,1511
1149,1483
1149,1388
1149,1283
1149,1172
1150,1897
1150,1863
1150,1721
1150,1674
1150,1456
1150,1440
1150,1365
1151,1774
1151,1765
1151,1753
1151,1679
1151,1637
1151,1609
1151,1272
1151,1219
1152,1769
1152,1717
1152,1694
1152,1540
1152,1352
1152,1237
1152,1182
1153,1901
1153,1734
1153,1609
1153,1590
1153,1565
1153,1373
1153,1291
1154,1744
1155,1551
1155,1524
1155,1491
1155,1435
1155,1397
1155,1283
1155,1215
1156,1821
1156,1712
1156,1544
1156,1423
1156,1367
1156,1274
1156,1181
1157,1718
1158,1894
1158,1870
1158,1667
1158,1647
1158,1625
1158,1578
1158,1547
1158,1455
1158,1273
1158,1189
1159,1878
1159,1820
1159,1818
1159,1813
1159,1771
1159,1428
1159,1404
1159,1250
1160,1796
1160,1754
1160,1738
1160,1732
1160,1717
1160,1572
1160,1497
1160,1467
1160,1456
1160,1425
1160,1335
1160,1274
1160,1228
1160,1223
1161,1852
1161,1431
1162,1826
1162,1559
1162,1551
1163,1859
1163,1835
1163,1730
1163,1723
1163,1688
1163,1470
1163,1302
1163,1269
1163,1217
1164,1890
1164,1703
1164,1619
1164,1552
1164,1492
1164,1442
1164,1284
1164,1214
1164,1184
1164,1172
1165,1714
1165,1603
1165,1484
1165,1457
1165,1427
1165,1401
1165,1359
1166,1861
1166,1694
1166,1675
1166,1612
1166,1508
1166,1374
1166,1180
1167,1903
1167,1496
1167,1492
1167,1302
1167,1287
1168,1569
1169,1818
1170,1859
1170,1841
1170,1758
1170,1525
1170,1502
1170,1448
1170,1413
1170,1341
1170,1334
1171,3340
1171,2685
1171,1836
1171,1668
1171,1663
1171,1438
1171,1420
1171,1369
1171,1318
1171,1274
1171,1272
1171,1205
1171,1191
1172,2336
1172,1891
1172,1860
1172,1853
1172,1767
1172,1706
1172,1700
1172,1688
1172,1685
1172,1525
1172,1401
1172,1398
1172,1393
1172,1359
1172,1288
1172,1262
1172,1198
1173,1872
1173,1740
1173,1734
1173,1724
1173,1457
1173,1416
1173,1263
1173,1247
1173,1190
1174,1698
1174,1534
1174,1307
1175,1836
1175,1680
1175,1618
1175,1605
1175,1461
1175,1404
1175,1360
1175,1336
1175,1320
1175,1281
1175,1238
1175,1226
1175,1199
1177,1361
1178,1817
1178,1809
1178,1718
1178,1653
1178,1617
1178,1405
1178,1288
1179,1910
1179,1877
1179,1793
1179,1746
1179,1724
1179,1717
1179,1600
1179,1478
1179,1381
1179,1371
1179,1184
1180,1860
1180,1858
1180,1781
1180,1772
1180,1763
1180,1736
1180,1702
1180,1501
1180,1425
1180,1416
1180,1365
1180,1359
1181,1874
1181,1846
1181,1659
1181,1609
1181,1487
1181,1463
1181,1383
1181,1360
1181,1302
1181,1196
1182,2469
1182,2467
1182,1849
1182,1813
1182,1724
1182,1703
1182,1566
1182,1402
1183,1873
1183,1842
1183,1827
1183,1796
1183,1720
1183,1707
1183,1666
1183,1634
1183,1565
1183,1531
1183,1508
1183,1495
1183,1461
1183,1399
1183,1289
1183,1188
1184,1801
1184,1774
1184,1457
1184,1393
1184,1334
1184,1293
1184,1201
1185,2336
1185,1941
1185,1909
1185,1691
1185,1580
1185,1366
1186,1706
1186,1221
1187,1864
1187,1758
1187,1663
1187,1612
1187,1517
1187,1424
1187,1340
1187,1283
1188,1644
1188,1632
1188,1600
1188,1278
1188,1243
1189,1876
1189,1760
1189,1758
1189,1644
1189,1590
1189,1483
1189,1409
1189,1373
1190,1824
1190,1810
1190,1767
1190,1621
1190,1536
1190,1271
1191,2555
1191,2398
1191,2198
1191,1697
1191,1597
1191,1480
1191,1471
1191,1271
1191,1261
1191,1255
1191,1196
1192,1908
1192,1454
1192,1417
1192,1415
1192,1311
1192,1286
1192,1261
1192,1230
1195,1874
1195,1839
1195,1810
1195,1757
1195,1754
1195,1620
1195,1611
1195,1597
1195,1588
1195,1339
1195,1256
1196,1823
1196,1796
1196,1702
1196,1674
1196,1646
1196,1554
1196,1524
1196,1335
1196,1329
1196,1317
1196,1287
1197,1888
1197,1791
1197,1714
1198,2642
1198,1754
1198,1745
1198,1712
1198,1616
1198,1423
1198,1374
1198,1318
1198,1304
1199,1900
1199,1753
1199,1747
1199,1715
1199,1708
1199,1602
1199,1595
1199,1571
1199,1545
1199,1485
1199,1463
1199,1397
1199,1343
1199,1340
1199,1316
1199,1293
1199,1283
1199,1273
1200,1882
1201,1750
1201,1616
1201,1552
1201,1435
1201,1418
1201,1369
1201,1303
1201,1267
1203,1251
1204,1896
1204,1827
1204,1677
1204,1645
1204,1385
1204,1356
1205,1886
1205,1845
1205,1831
1205,1769
1205,1699
1205,1691
1205,1658
1205,1632
1205,1578
1205,1557
1205,1435
1205,1372
1205,1344
1205,1258
1205,1211
1207,1901
1207,1828
1207,1821
1207,1772
1207,1750
1207,1722
1207,1663
1207,1600
1207,1551
1207,1539
1207,1522
1207,1485
1207,1458
1209,1902
1209,1851
1209,1745
1209,1720
1209,1512
1209,1484
1209,1483
1209,1449
1209,1447
1209,1409
1209,1365
1209,1256
1209,1217
1210,1882
1210,1853
1210,1716
1210,1392
1210,1357
1211,1726
1211,1625
1211,1614
1211,1283
1211,1277
1211,1263
1211,1248
1212,1843
1212,1821
1212,1687
1212,1617
1212,1522
1212,1470
1212,1402
1212,1341
1214,1890
1214,1876
1214,1792
1214,1714
1214,1673
1214,1467
1214,1449
1214,1442
1214,1375
1214,1283
1214,1278
1214,1255
1215,1859
1215,1746
1215,1741
1215,1716
1215,1671
1215,1491
1215,1391
1215,1345
1217,1703
1217,1695
1217,1663
1217,1651
1217,1619
1217,1576
1217,1574
1217,1404
1217,1331
1217,1265
1217,1263
1219,1765
1219,1750
1219,1724
1219,1663
1219,1562
1219,1533
1219,1473
1219,1419
1219,1336
1220,1864
1220,1845
1220,1761
1220,1727
1220,1623
1220,1360
1220,1340
1220,1318
1220,1289
1220,1256
1221,1831
1221,1786
1221,1772
1221,1612
1221,1557
1221,1437
1222,2336
1222,1910
1222,1700
1222,1623
1222,1461
1222,1456
1222,1320
1222,1312
1222,1290
1223,1850
1223,1812
1223,1787
1223,1624
1223,1538
1223,1504
1223,1467
1223,1457
1223,1428
1223,1288
1223,1242
1225,1479
1225,1310
1226,1744
1226,1743
1226,1714
1226,1632
1226,1412
1226,1382
1226,1380
1226,1272
1226,1238
1227,1673
1227,1644
1227,1247
1228,1876
1229,1875
1229,1873
1229,1848
1229,1837
1229,1836
1229,1595
1229,1246
1230,2336
1230,1897
1230,1862
1230,1641
1230,1574
1230,1496
1230,1489
1230,1456
1230,1441
1230,1344
1230,1261
1230,1250
1231,1780
1231,1742
1231,1633
1231,1625
1231,1525
1231,1382
1234,1613
1234,1543
1234,1467
1234,1282
1235,1612
1235,1563
1235,1554
1235,1250
1236,1866
1236,1829
1236,1597
1236,1443
1237,1910
1237,1845
1237,1827
1237,1783
1237,1761
1237,1716
1237,1696
1237,1621
1237,1619
1237,1556
1237,1451
1238,1860
1238,1775
1238,1506
1238,1417
1238,1366
1239,1879
1239,1819
1239,1813
1239,1686
1239,1604
1239,1520
1239,1327
1239,1288
1239,1271
1239,1268
1241,1835
1241,1733
1241,1706
1241,1578
1241,1479
1241,1418
1241,1347
1242,1772
1242,1758
1242,1608
1242,1484
1242,1345
1242,1329
1242,1290
1243,1839
1243,1679
1243,1614
1243,1585
1243,1542
1243,1441
1243,1417
1243,1404
1243,1402
1243,1397
1243,1338
1243,1336
1244,1750
1244,1497
1244,1492
1244,1459
1244,1412
1245,1876
1245,1781
1245,1769
1245,1729
1245,1638
1245,1603
1245,1503
1245,1444
1245,1374
1246,1894
1246,1827
1246,1718
1246,1688
1246,1507
1246,1479
1246,1426
1246,1286
1247,1898
1247,1791
1247,1782
1247,1771
1247,1651
1247,1595
1247,1565
1247,1438
1247,1414
1247,1375
1249,1569
1249,1344
1250,1566
1250,1397
1250,1396
1250,1388
1250,1345
1250,1327
1253,1626
1255,1873
1255,1864
1255,1817
1255,1790
1255,1754
1255,1740
1255,1660
1255,1652
1255,1557
1255,1553
1255,1274
1256,1899
1256,1807
1256,1680
1256,1473
1256,1449
1256,1417
1256,1366
1256,1291
1257,1873
1257,1724
1257,1565
1257,1529
1257,1506
1257,1502
1257,1402
1257,1355
1257,1308
1257,1273
1258,1860
1258,1725
1258,1633
1258,1347
1258,1318
1258,1273
1259,1801
1259,1771
1259,1575
1259,1572
1259,1423
1259,1379
1260,1840
1261,1782
1261,1745
1261,1699
1261,1573
1261,1473
1261,1414
1261,1302
1262,1809
1262,1775
1262,1570
1262,1361
1263,1846
1263,1675
1263,1649
1263,1612
1263,1556
1263,1530
1263,1420
1263,1383
1265,1898
1265,1817
1265,1814
1265,1637
1265,1620
1265,1551
1265,1456
1266,1861
1266,1851
1266,1782
1266,1721
1266,1612
1266,1477
1266,1463
1266,1280
1267,1907
1267,1448
1267,1388
1267,1357
1267,1355
1268,1738
1268,1509
1269,1808
1269,1473
1269,1413
1269,1393
1269,1346
1269,1325
1269,1293
1269,1283
1271,1894
1271,1874
1271,1744
1271,1706
1271,1636
1271,1529
1271,1501
1271,1436
1271,1384
1271,1377
1271,1367
1271,1337
1272,1851
1272,1807
1272,1769
1272,1674
1272,1659
1272,1619
1272,1597
1272,1461
1272,1419
1272,1357
1272,1289
1273,1821
1273,1757
1273,1745
1273,1732
1273,1609
1273,1547
1273,1534
1273,1504
1273,1462
1273,1426
1274,1827
1274,1707
1274,1665
1274,1555
1274,1554
1275,1831
1275,1354
1276,1710
1277,1695
1277,1682
1277,1604
1277,1359
1277,1288
1278,1888
1278,1811
1278,1782
1278,1565
1278,1538
1278,1515
1278,1351
1279,1732
1279,1592
1280,1845
1280,1771
1280,1534
1280,1452
1280,1427
1281,1849
1281,1796
1281,1727
1281,1659
1281,1481
1281,1443
1281,1375
1281,1367
1281,1343
1282,1850
1282,1801
1282,1764
1282,1622
1282,1621
1282,1455
1282,1425
1282,1366
1282,1298
1282,1294
1283,1879
1283,1741
1283,1612
1283,1435
1283,1370
1284,1847
1284,1799
1284,1783
1284,1716
1284,1700
1284,1472
1284,1294
1285,1843
1285,1718
1285,1600
1285,1434
1285,1390
1285,1335
1286,1882
1286,1813
1287,1879
1287,1839
1287,1614
1287,1606
1287,1577
1287,1513
1287,1467
1287,1425
1287,1380
1288,1909
1288,1901
1288,1860
1288,1844
1288,1763
1288,1544
1288,1526
1288,1507
1288,1490
1288,1348
1288,1293
1289,2547
1289,2332
1289,2149
1289,1907
1289,1835
1289,1710
1289,1702
1289,1694
1289,1689
1289,1661
1289,1608
1289,1552
1289,1475
1289,1467
1289,1436
1289,1404
1289,1364
1290,1901
1290,1886
1290,1818
1290,1780
1290,1719
1290,1675
1290,1656
1290,1653
1290,1532
1290,1502
1290,1418
1290,1376
1290,1330
1291,1881
1291,1801
1291,1594
1291,1580
1291,1296
1292,1859
1292,1736
1292,1663
1292,1488
1293,1903
1293,1844
1293,1830
1293,1643
1293,1509
1293,1388
1294,1887
1294,1846
1294,1604
1294,1583
1294,1460
1294,1401
1294,1349
1294,1318
1296,1612
1296,1310
1296,1308
1297,1626
1297,1358
1297,1305
1298,1872
1298,1737
1298,1578
1298,1415
1298,1356
1299,1872
1299,1650
1299,1619
1299,1601
1300,1723
1300,1464
1300,1431
1300,1420
1300,1399
1301,1806
1301,1483
1301,1447
1302,1860
1302,1716
1302,1570
1302,1416
1302,1388
1302,1380
1303,1671
1303,1632
1303,1397
1303,1392
1303,1377
1304,1893
1304,1855
1304,1845
1304,1819
1304,1760
1304,1734
1304,1584
1304,1531
1304,1525
1304,1496
1304,1313
1305,1762
1305,1740
1305,1700
1305,1688
1305,1397
1305,1366
1305,1317
1306,1778
1306,1619
1306,1605
1306,1415
1306,1408
1306,1344
1307,1778
1307,1714
1307,1337
1308,1815
1308,1750
1308,1652
1308,1637
1308,1331
1309,1844
1309,1475
1309,1453
1310,1756
1310,1753
1310,1735
1310,1568
1310,1407
1310,1348
1311,1649
1311,1557
1311,1407
1312,1818
1312,1705
1312,1597
1312,1543
1312,1365
1313,1811
1313,1605
1313,1515
1313,1509
1313,1481
1314,1882
1314,1869
1314,1338
1315,1807
1315,1745
1315,1550
1315,1427
1316,1878
1316,1876
1316,1727
1316,1688
1316,1645
1316,1447
1316,1413
1317,1888
1317,1826
1317,1752
1317,1491
1318,1612
1318,1604
1318,1603
1318,1545
1318,1436
1318,1398
1318,1347
1318,1336
1320,1724
1320,1681
1320,1659
1320,1610
1320,1600
1320,1549
1320,1515
1320,1483
1320,1459
1320,1444
1321,2224
1321,2026
1321,1737
1321,1557
1321,1352
1321,1343
1322,1685
1322,1661
1322,1545
1322,1488
1323,1900
1323,1622
1323,1491
1323,1444
1323,1360
1323,1329
1324,1596
1324,1462
1324,1331
1325,1528
1327,2399
1327,2176
1327,2149
1327,2007
1327,1874
1327,1867
1327,1832
1327,1817
1327,1730
1327,1536
1327,1484
1327,1416
1327,1341
1329,1894
1329,1810
1329,1796
1329,1772
1329,1721
1329,1708
1329,1419
1329,1367
1329,1348
1329,1330
1330,1863
1330,1849
1330,1789
1330,1783
1330,1761
1330,1741
1330,1700
1330,1689
1330,1452
1330,1380
1330,1334
1331,1885
1331,1782
1331,1696
1331,1643
1331,1487
1332,1839
1332,1750
1332,1621
1332,1459
1332,1429
1333,1894
1333,1771
1333,1531
1333,1507
1334,1877
1334,1800
1334,1700
1334,1650
1334,1632
1334,1617
1334,1453
1334,1359
1335,2351
1335,1836
1335,1720
1335,1669
1335,1442
1335,1401
1335,1388
1336,1678
1336,1673
1336,1672
1336,1609
1336,1530
1336,1492
1336,1389
1337,1823
1337,1718
1337,1678
1337,1671
1337,1357
1338,1907
1338,1675
1338,1637
1338,1631
1338,1613
1338,1531
1338,1471
1338,1431
1338,1385
1339,1891
1339,1831
1339,1718
1339,1691
1339,1680
1339,1452
1339,1422
1340,1900
1340,1811
1340,1679
1340,1663
1340,1643
1340,1608
1340,1599
1340,1485
1340,1405
1341,1895
1341,1844
1341,1828
1341,1795
1341,1783
1341,1653
1341,1523
1341,1519
1341,1427
1342,1509
1342,1443
1343,1850
1343,1644
1343,1536
1343,1520
1344,1883
1344,1860
1344,1847
1344,1805
1344,1703
1344,1575
1344,1571
1344,1556
1344,1543
1344,1513
1344,1475
1344,1440
1344,1435
1344,1389
1344,1361
1345,1785
1345,1778
1345,1746
1345,1706
1345,1569
1345,1382
1346,1907
1346,1861
1346,1752
1347,1809
1348,1595
1348,1570
1348,1557
1348,1490
1348,1420
1348,1377
1349,1901
1349,1813
1349,1638
1349,1611
1350,1828
1350,1781
1350,1735
1351,1891
1351,1613
1351,1435
1351,1405
1352,2543
1352,2336
1352,1582
1352,1569
1352,1553
1352,1483
1352,1365
1352,1359
1354,1783
1354,1739
1355,1844
1355,1815
1355,1487
1355,1437
1356,1899
1356,1885
1356,1786
1356,1745
1356,1730
1356,1659
1356,1549
1356,1518
1356,1391
1357,1734
1357,1610
1357,1512
1357,1471
1357,1462
1357,1402
1358,1638
1358,1604
1358,1589
1358,1563
1358,1455
1358,1428
1359,1753
1359,1698
1359,1612
1359,1595
1359,1439
1359,1429
1360,1827
1360,1534
1360,1532
1361,2609
1361,2592
1361,2531
1361,2496
1361,2242
1361,2232
1361,2026
1361,2020
1361,1819
1361,1764
1361,1685
1361,1658
1361,1549
1361,1545
1361,1522
1361,1374
1363,1747
1364,1826
1364,1730
1365,1894
1365,1853
1365,1757
1365,1625
1365,1580
1365,1436
1365,1427
1365,1370
1366,1756
1366,1635
1366,1611
1366,1508
1366,1443
1366,1392
1367,1900
1367,1898
1367,1894
1367,1768
1367,1736
1367,1722
1367,1691
1367,1514
1367,1506
1367,1398
1369,1886
1369,1885
1369,1805
1369,1677
1369,1606
1369,1604
1369,1573
1369,1496
1369,1440
1370,1689
1370,1679
1370,1621
1370,1523
1370,1407
1371,1704
1371,1622
1371,1605
1371,1451
1371,1408
1372,1786
1373,1859
1373,1857
1373,1489
1373,1463
1373,1438
1374,1877
1374,1816
1374,1812
1374,1779
1374,1773
1374,1699
1374,1669
1374,1628
1374,1404
1375,1860
1375,1822
1375,1763
1375,1652
1375,1626
1375,1509
1375,1424
1375,1417
1375,1397
1376,1771
1376,1738
1376,1723
1376,1604
1376,1453
1376,1409
1377,1787
1377,1712
1377,1706
1377,1595
1377,1518
1377,1460
1379,1886
1379,1824
1379,1575
1379,1453
1380,1885
1380,1874
1380,1873
1380,1863
1380,1791
1380,1715
1380,1706
1380,1632
1380,1524
1380,1463
1380,1417
1380,1409
1381,1824
1381,1707
1381,1677
1381,1524
1381,1508
1381,1382
1382,1768
1382,1709
1382,1677
1382,1608
1382,1438
1382,1389
1383,1863
1384,1513
1385,1835
1385,1830
1385,1790
1385,1765
1385,1709
1385,1611
1385,1527
1388,1827
1388,1826
1388,1804
1388,1721
1388,1668
1388,1646
1388,1460
1389,1863
1389,1842
1389,1751
1389,1707
1389,1622
1389,1567
1389,1471
1389,1441
1389,1418
1390,1858
1390,1810
1390,1703
1390,1673
1390,1637
1390,1590
1390,1538
1390,1506
1390,1423
1391,2629
1391,1830
1391,1786
1391,1524
1391,1432
1391,1422
1392,1706
1392,1695
1393,2279
1393,1600
1393,1492
1396,1899
1396,1873
1396,1753
1396,1649
1396,1592
1396,1589
1396,1545
1396,1512
1396,1500
1396,1414
1397,1835
1397,1776
1397,1603
1397,1475
1398,1810
1398,1753
1398,1699
1398,1651
1398,1628
1398,1539
1398,1491
1398,1413
1398,1409
1399,2629
1399,1941
1399,1844
1399,1836
1399,1789
1399,1513
1399,1497
1399,1484
1400,1685
1400,1605
1400,1582
1400,1449
1400,1420
1401,1886
1401,1799
1401,1746
1401,1714
1401,1610
1401,1563
1401,1542
1401,1461
1401,1420
1402,1796
1402,1752
1402,1735
1402,1659
1402,1632
1402,1432
1402,1409
1404,1864
1404,1809
1404,1772
1404,1660
1404,1619
1404,1600
1404,1436
1404,1432
1404,1409
1405,3420
1405,3332
1405,3198
1405,2686
1405,1898
1405,1861
1405,1710
1405,1689
1405,1539
1405,1465
1406,1801
1406,1800
1406,1706
1406,1695
1406,1612
1407,1809
1407,1778
1407,1732
1407,1618
1407,1598
1407,1532
1407,1431
1408,1809
1408,1765
1408,1652
1408,1637
1408,1545
1408,1541
1408,1444
1408,1409
1409,1884
1409,1830
1409,1819
1409,1741
1409,1731
1409,1709
1409,1652
1409,1614
1409,1575
1409,1498
1410,1564
1411,1796
1411,1623
1412,1757
1412,1752
1412,1635
1412,1608
1412,1603
1412,1583
1412,1496
1412,1470
1412,1435
1413,1514
1413,1448
1414,1658
1415,1768
1415,1752
1415,1730
1415,1565
1415,1522
1415,1453
1416,1885
1416,1741
1416,1718
1416,1689
1416,1655
1416,1619
1416,1614
1416,1609
1416,1533
1416,1513
1416,1488
1416,1422
1417,1851
1417,1831
1417,1796
1417,1616
1417,1561
1417,1531
1417,1497
1418,1909
1418,1811
1418,1700
1418,1570
1418,1435
1418,1431
1419,3406
1419,3272
1419,3267
1419,3038
1419,3020
1419,2711
1419,2672
1419,1819
1419,1653
1419,1641
1419,1612
1420,1900
1420,1868
1420,1779
1420,1716
1420,1699
1420,1502
1420,1461
1420,1436
1421,1676
1421,1579
1422,1807
1422,1799
1422,1750
1422,1741
1422,1722
1422,1639
1422,1620
1422,1483
1423,1820
1423,1644
1423,1637
1424,1845
1424,1728
1424,1528
1424,1493
1424,1468
1425,1874
1425,1819
1425,1757
1425,1721
1425,1516
1426,1907
1426,1595
1427,1860
1427,1841
1427,1740
1427,1485
1427,1484
1428,1786
1428,1536
1429,1848
1429,1835
1429,1818
1429,1810
1429,1707
1429,1570
1429,1568
1429,1459
1431,1906
1431,1881
1431,1727
1431,1609
1431,1571
1431,1504
1431,1437
1432,1898
1432,1767
1433,1678
1433,1672
1433,1467
1434,1886
1434,1809
1434,1509
1434,1487
1435,1849
1435,1737
1435,1617
1436,1770
1436,1752
1436,1751
1436,1541
1436,1473
1436,1470
1437,1804
1437,1750
1437,1714
1437,1710
1437,1700
1437,1573
1438,1451
1439,1863
1439,1644
1440,2199
1440,1886
1440,1828
1440,1772
1440,1742
1440,1643
1440,1584
1440,1455
1441,1782
1441,1707
1441,1593
1441,1584
1441,1554
1442,1712
1442,1535
1443,1868
1443,1547
1443,1541
1444,1733
1444,1595
1444,1484
1444,1462
1445,1835
1445,1610
1445,1488
1446,1828
1446,1671
1446,1512
1447,1810
1447,1603
1447,1487
1448,1739
1448,1703
1448,1667
1448,1559
1448,1522
1448,1512
1449,1731
1449,1701
1449,1689
1449,1680
1450,3396
1450,3386
1450,2845
1450,1879
1450,1741
1450,1622
1450,1598
1451,1906
1451,1826
1451,1757
1451,1604
1452,1752
1452,1559
1452,1523
1452,1480
1453,1898
1453,1840
1453,1802
1453,1763
1453,1734
1453,1574
1453,1549
1453,1531
1453,1507
1454,1780
1454,1681
1454,1672
1454,1663
1454,1582
1454,1578
1454,1548
1454,1537
1454,1472
1455,1503
1456,1765
1456,1718
1456,1691
1456,1646
1456,1564
1456,1517
1456,1509
1456,1470
1456,1467
1457,1852
1457,1703
1457,1688
1457,1672
1457,1656
1457,1653
1457,1591
1457,1497
1458,1794
1458,1761
1458,1723
1458,1670
1458,1537
1458,1513
1459,1904
1459,1844
1459,1782
1459,1771
1459,1767
1459,1744
1459,1598
1459,1491
1460,1829
1460,1775
1460,1727
1460,1644
1460,1613
1460,1561
1460,1547
1461,1879
1461,1833
1461,1730
1461,1646
1461,1617
1461,1563
1461,1545
1461,1544
1462,1610
1462,1545
1462,1513
1462,1509
1462,1502
1462,1496
1463,1620
1463,1610
1463,1603
1463,1471
1464,1819
1464,1635
1465,2586
1465,2571
1465,2484
1465,2445
1465,2276
1465,2253
1465,2220
1465,2208
1465,2201
1465,2131
1465,2101
1465,2090
1465,2046
1465,2036
1465,1919
1465,1863
1465,1804
1465,1551
1467,1743
1467,1673
1467,1595
1467,1593
1467,1543
1467,1538
1468,1732
1468,1629
1469,1843
1469,1745
1469,1744
1469,1630
1469,1540
1469,1499
1469,1489
1470,1783
1470,1775
1470,1763
1470,1580
1470,1478
1470,1472
1471,1795
1471,1771
1471,1738
1471,1723
1471,1722
1471,1711
1471,1697
1471,1595
1471,1569
1471,1567
1471,1537
1471,1505
1471,1484
1472,1826
1472,1813
1472,1704
1472,1679
1472,1479
1473,1887
1473,1760
1473,1742
1473,1646
1473,1576
1473,1572
1473,1503
1475,1881
1475,1781
1475,1612
1475,1583
1477,1911
1477,1722
1477,1590
1479,1794
1479,1775
1479,1746
1479,1729
1480,3263
1480,1867
1480,1866
1480,1562
1480,1555
1480,1514
1481,1497
1482,1872
1482,1831
1482,1749
1482,1735
1483,2247
1483,1884
1483,1878
1483,1853
1483,1821
1483,1785
1483,1588
1484,1870
1484,1861
1484,1827
1484,1761
1484,1632
1484,1585
1484,1562
1484,1552
1484,1534
1485,1796
1485,1606
1485,1530
1485,1517
1485,1488
1487,1850
1487,1736
1487,1714
1487,1702
1487,1696
1487,1647
1487,1639
1487,1508
1488,1852
1488,1843
1488,1807
1488,1780
1488,1715
1488,1556
1489,1734
1489,1703
1489,1604
1489,1596
1490,1875
1490,1841
1490,1736
1490,1675
1490,1583
1490,1503
1491,1899
1491,1897
1491,1858
1491,1843
1491,1811
1491,1745
1491,1660
1491,1570
1491,1544
1491,1524
1492,1771
1492,1737
1492,1524
1493,1536
1495,1636
1495,1514
1496,1866
1497,1844
1497,1830
1497,1805
1497,1780
1497,1772
1497,1753
1497,1722
1497,1711
1497,1656
1498,1835
1498,1761
1498,1623
1498,1620
1498,1523
1500,1749
1500,1535
1501,1868
1501,1714
1501,1700
1501,1666
1502,1885
1502,1807
1502,1631
1503,1715
1503,1704
1503,1515
1504,1723
1504,1616
1504,1532
1504,1520
1505,3331
1505,3252
1505,2937
1505,2840
1505,2728
1505,1734
1506,1789
1507,1872
1507,1807
1507,1757
1508,1703
1509,2031
1509,1867
1509,1807
1509,1779
1509,1699
1509,1594
1509,1532
1511,1879
1511,1842
1512,1897
1512,1763
1512,1600
1513,1845
1513,1580
1514,1884
1514,1839
1514,1751
1514,1698
1514,1545
1515,1853
1515,1767
1515,1694
1515,1631
1515,1583
1516,1883
1516,1881
1516,1851
1516,1731
1516,1556
1517,1639
1517,1573
1518,1902
1518,1886
1518,1864
1518,1796
1518,1585
1518,1520
1519,1853
1519,1721
1520,1863
1520,1824
1520,1810
1520,1782
1520,1740
1520,1658
1520,1620
1521,2384
1521,2267
1521,1879
1521,1522
1522,1797
1522,1731
1523,1886
1523,1853
1523,1741
1523,1721
1523,1687
1523,1644
1523,1643
1524,2264
1524,1908
1524,1879
1524,1779
1524,1741
1524,1570
1524,1563
1525,1869
1525,1840
1525,1820
1525,1668
1525,1660
1525,1650
1525,1639
1525,1636
1525,1577
1525,1531
1526,1862
1526,1726
1526,1716
1526,1622
1526,1596
1526,1590
1527,1835
1527,1698
1527,1644
1527,1637
1527,1540
1528,1796
1528,1752
1528,1641
1528,1566
1528,1556
1529,1847
1530,1898
1530,1816
1530,1765
1530,1758
1530,1672
1530,1655
1530,1652
1530,1650
1530,1623
1530,1604
1531,1753
1531,1722
1531,1679
1531,1572
1531,1547
1532,1905
1532,1900
1532,1858
1532,1816
1532,1622
1532,1603
1532,1600
1532,1542
1533,1904
1533,1636
1534,3406
1534,3326
1534,3189
1534,3060
1534,2921
1534,2844
1534,2840
1534,2832
1534,1902
1534,1813
1534,1613
1534,1610
1534,1603
1535,1907
1535,1799
1535,1746
1535,1740
1535,1652
1535,1619
1536,1871
1536,1864
1536,1761
1536,1760
1536,1720
1536,1637
1536,1619
1537,1864
1537,1750
1537,1734
1537,1669
1537,1663
1537,1632
1538,1909
1538,1876
1538,1852
1538,1745
1538,1701
1538,1618
1538,1567
1539,1868
1539,1864
1539,1754
1540,1804
1540,1754
1540,1653
1540,1547
1540,1545
1541,1881
1541,1819
1541,1768
1542,1879
1542,1833
1542,1831
1542,1825
1542,1814
1542,1805
1542,1554
1543,1683
1543,1547
1544,1853
1544,1849
1544,1814
1544,1742
1544,1714
1544,1684
1544,1612
1545,1904
1545,1884
1545,1859
1545,1845
1545,1805
1545,1688
1545,1598
1547,1814
1547,1795
1547,1711
1547,1695
1547,1647
1549,1863
1549,1673
1549,1662
1550,1872
1550,1871
1550,1799
1550,1766
1550,1764
1550,1699
1550,1682
1551,1722
1552,1562
1553,1902
1553,1866
1553,1770
1553,1758
1553,1757
1553,1696
1554,1789
1554,1653
1555,1836
1556,1902
1556,1794
1556,1735
1556,1569
1557,1898
1557,1897
1559,1853
1559,1845
1559,1758
1559,1734
1559,1692
1559,1632
1561,1771
1561,1737
1562,1752
1563,1851
1563,1780
1563,1765
1563,1721
1563,1620
1564,1791
1564,1730
1565,1874
1565,1848
1565,1650
1565,1611
1565,1592
1566,1679
1566,1632
1567,1571
1569,1899
1569,1810
1569,1793
1569,1732
1569,1725
1569,1629
1569,1603
1569,1573
1570,1883
1570,1814
1571,1861
1571,1843
1571,1723
1571,1715
1571,1595
1572,1819
1572,1805
1572,1788
1572,1763
1573,1867
1573,1790
1573,1727
1573,1639
1573,1603
1573,1594
1574,1888
1574,1831
1574,1819
1574,1806
1574,1723
1574,1682
1574,1675
1574,1608
1574,1602
1575,1819
1575,1685
1575,1659
1575,1592
1576,1879
1576,1850
1577,2637
1577,2573
1577,2538
1577,2524
1577,2440
1577,2378
1577,2272
1577,2254
1577,2214
1577,2209
1577,2192
1577,2046
1577,2045
1577,1981
1577,1853
1577,1821
1577,1663
1577,1653
1578,1819
1578,1818
1578,1764
1578,1612
1580,1897
1580,1727
1580,1636
1582,1888
1582,1837
1582,1813
1582,1790
1583,1877
1584,1909
1584,1874
1584,1870
1584,1857
1584,1846
1584,1659
1584,1629
1585,1819
1585,1641
1585,1598
1587,1821
1589,1811
1589,1769
1590,1861
1590,1858
1590,1764
1590,1729
1590,1678
1591,1897
1591,1832
1591,1767
1591,1741
1591,1699
1591,1668
1591,1607
1591,1599
1592,1893
1592,1888
1592,1725
1592,1655
1592,1636
1594,1853
1594,1753
1595,1800
1595,1753
1595,1685
1595,1679
1597,1903
1597,1830
1597,1710
1597,1669
1597,1608
1597,1604
1598,1715
1599,1655
1599,1653
1599,1644
1599,1617
1600,1743
1600,1687
1600,1667
1600,1656
1602,1608
1603,2560
1603,2174
1603,2042
1603,1932
1603,1884
1603,1844
1603,1818
1603,1724
1603,1678
1604,1699
1604,1653
1604,1608
1605,1861
1605,1666
1605,1612
1606,1849
1606,1842
1606,1839
1606,1795
1606,1750
1608,1909
1608,1874
1608,1793
1608,1671
1608,1662
1608,1632
1609,1860
1609,1816
1609,1775
1609,1765
1609,1733
1609,1705
1609,1662
1609,1636
1610,1783
1610,1747
1611,2934
1611,1812
1611,1680
1612,2629
1612,1844
1612,1830
1612,1811
1612,1764
1613,1906
1613,1905
1613,1872
1613,1859
1613,1725
1613,1692
1613,1666
1614,1901
1614,1883
1614,1821
1614,1660
1616,1872
1616,1843
1616,1757
1616,1669
1617,2328
1617,2283
1617,1767
1617,1766
1617,1653
1617,1651
1618,2542
1618,2151
1618,2111
1618,2071
1618,1994
1618,1853
1618,1813
1618,1800
1618,1703
1619,1885
1619,1814
1619,1727
1620,1865
1620,1846
1620,1751
1621,1901
1621,1832
1621,1628
1622,1863
1622,1807
1622,1782
1622,1721
1622,1672
1622,1623
1623,1861
1623,1853
1623,1779
1623,1771
1623,1769
1623,1724
1623,1699
1623,1665
1624,1724
1624,1649
1625,1853
1626,2223
1626,1859
1626,1818
1626,1769
1626,1740
1626,1722
1626,1721
1626,1660
1628,1886
1628,1763
1628,1671
1630,1903
1630,1741
1630,1704
1630,1675
1631,1885
1631,1807
1631,1751
1632,1813
1635,1884
1635,1845
1635,1812
1635,1810
1635,1761
1637,1793
1637,1780
1637,1653
1638,1857
1639,1900
1639,1864
1639,1816
1639,1758
1639,1712
1639,1703
1639,1686
1641,1796
1642,3431
1642,3290
1642,3132
1642,3093
1642,3083
1642,3038
1642,1879
1642,1761
1643,1893
1643,1874
1643,1860
1643,1829
1643,1807
1643,1725
1644,1902
1644,1830
1644,1778
1644,1771
1644,1715
1645,1864
1645,1819
1645,1757
1645,1649
1646,1794
1646,1766
1646,1730
1646,1695
1646,1673
1647,1881
1647,1773
1649,1738
1649,1703
1650,1877
1651,1891
1651,1827
1651,1779
1651,1775
1652,1718
1653,1846
1653,1832
1653,1807
1653,1780
1653,1730
1654,1801
1655,1706
1655,1694
1656,3361
1656,3215
1656,3002
1656,2979
1656,2973
1656,2876
1656,2686
1656,1827
1656,1711
1658,1833
1658,1827
1658,1786
1658,1734
1658,1673
1659,1845
1659,1768
1659,1735
1659,1725
1659,1722
1659,1672
1660,1823
1661,1872
1661,1798
1661,1724
1662,3432
1662,1901
1662,1868
1662,1861
1662,1841
1662,1807
1662,1787
1662,1763
1663,1797
1663,1678
1664,1757
1664,1667
1665,1881
1665,1675
1666,3242
1666,3049
1666,2904
1666,2875
1666,2845
1666,2840
1666,1851
1666,1848
1667,1830
1667,1709
1667,1688
1668,1851
1668,1829
1668,1826
1668,1790
1668,1686
1669,1736
1671,1757
1671,1731
1671,1724
1671,1699
1671,1675
1672,1833
1672,1807
1673,1724
1674,1844
1674,1825
1674,1821
1674,1804
1674,1774
1674,1746
1674,1724
1675,1852
1675,1851
1675,1846
1675,1762
1677,1735
1677,1730
1677,1729
1679,1821
1680,1861
1680,1819
1680,1809
1680,1736
1681,1840
1681,1722
1682,1857
1682,1839
1682,1828
1682,1706
1683,1771
1684,1772
1685,1891
1685,1843
1685,1842
1685,1779
1685,1772
1685,1703
1686,1688
1687,1819
1688,1868
1688,1853
1688,1839
1688,1753
1689,1851
1689,1761
1689,1719
1690,1881
1692,1877
1692,1839
1692,1720
1692,1714
1694,1718
1695,1906
1696,1848
1697,1886
1697,1863
1697,1836
1699,1877
1699,1855
1699,1849
1699,1804
1700,1819
1700,1796
1700,1722
1701,1867
1702,2653
1702,2394
1702,2148
1702,2132
1702,2039
1702,1901
1703,1899
1703,1781
1704,1802
1706,1828
1706,1823
1706,1761
1706,1749
1706,1728
1706,1716
1707,2420
1707,2087
1707,1909
1707,1901
1707,1847
1707,1829
1707,1795
1707,1794
1707,1779
1707,1774
1707,1769
1707,1726
1707,1711
1709,1881
1709,1866
1709,1862
1710,1842
1710,1813
1710,1718
1711,1810
1712,1774
1712,1741
1712,1722
1713,1773
1714,1858
1715,1818
1716,1877
1717,1881
1717,1878
1717,1778
1717,1753
1718,2579
1718,2521
1718,2403
1718,2385
1718,2352
1718,2297
1718,2116
1718,1913
1719,1791
1720,1884
1720,1823
1721,2760
1721,2582
1721,1886
1721,1881
1721,1868
1721,1818
1722,1867
1722,1846
1722,1811
1722,1806
1722,1764
1722,1735
1723,1821
1723,1769
1723,1763
1724,1911
1724,1896
1724,1811
1724,1757
1725,1894
1725,1869
1725,1795
1725,1740
1726,3355
1726,3219
1726,2999
1726,2938
1726,2696
1726,1867
1726,1779
1727,1849
1727,1844
1727,1781
1727,1755
1727,1750
1727,1749
1729,1811
1729,1807
1730,2560
1730,1911
1730,1909
1730,1884
1730,1762
1732,1767
1732,1739
1734,1828
1734,1809
1735,1898
1735,1887
1735,1816
1735,1791
1735,1758
1736,1875
1736,1858
1736,1774
1736,1770
1737,1820
1738,1904
1738,1778
1739,1848
1740,1872
1741,1819
1741,1766
1741,1753
1742,1910
1742,1888
1742,1802
1743,1790
1743,1763
1745,1870
1746,1771
1749,1906
1750,1882
1750,1863
1750,1782
1750,1772
1750,1757
1751,1881
1751,1874
1751,1837
1752,1898
1752,1897
1752,1858
1752,1851
1752,1813
1752,1775
1753,1843
1753,1823
1753,1782
1753,1767
1755,1761
1756,1881
1757,1818
1758,2742
1758,1898
1761,1819
1761,1774
1763,1910
1763,1810
1763,1793
1764,1830
1764,1772
1765,1891
1765,1884
1765,1794
1766,1879
1767,1897
1767,1878
1767,1785
1769,1926
1770,1845
1771,1851
1771,1845
1771,1832
1772,1807
1772,1774
1774,1888
1774,1885
1774,1867
1774,1843
1774,1810
1775,1844
1775,1823
1776,1805
1776,1789
1778,1885
1778,1800
1781,1885
1781,1785
1782,2111
1782,1874
1783,1878
1784,1807
1785,1801
1786,1895
1786,1811
1789,1795
1790,1809
1790,1793
1791,1811
1791,1794
1792,1827
1793,2196
1793,1836
1793,1818
1794,1903
1795,1807
1796,1878
1796,1836
1797,1861
1798,1862
1799,1844
1801,1853
1802,1886
1804,1860
1804,1831
1805,1825
1806,1838
1807,1902
1807,1894
1807,1863
1807,1810
1809,1941
1809,1902
1809,1899
1809,1843
1810,1821
1811,1905
1812,1899
1812,1837
1813,1846
1813,1818
1814,1891
1814,1864
1814,1851
1816,1863
1818,1886
1818,1867
1819,1832
1820,1837
1821,1886
1823,1891
1824,1846
1826,1835
1827,1941
1828,1869
1828,1843
1830,1842
1835,1909
1835,1868
1836,2543
1836,1877
1836,1849
1842,2419
1842,2283
1843,1911
1845,1883
1845,1872
1845,1867
1849,1900
1849,1886
1849,1865
1857,1869
1859,1903
1860,1891
1861,1864
1863,1916
1869,1875
1871,1881
1876,1904
1877,1897
1877,1881
1878,1893
1879,2289
1881,1894
1881,1891
1886,1911
1888,2543
1888,1906
1897,1902
1909,2355
1913,2624
1913,2603
1913,2493
1913,2477
1913,2430
1913,2423
1913,2390
1913,2273
1913,2228
1913,2225
1913,2224
1913,2194
1913,2183
1913,2161
1913,2004
1914,2539
1914,2346
1914,2192
1914,2144
1914,1957
1915,2193
1915,1949
1915,1936
1916,2624
1916,2604
1916,2601
1916,2533
1916,2493
1916,2365
1916,2310
1916,2290
1916,2259
1916,2244
1916,2194
1916,2164
1916,2022
1916,1994
1916,1957
1917,2637
1917,2598
1917,2597
1917,2567
1917,2557
1917,2533
1917,2503
1917,2480
1917,2461
1917,2412
1917,2344
1917,2328
1917,2233
1917,2223
1917,1991
1917,1920
1918,2522
1918,2509
1918,2462
1918,2455
1918,2446
1918,2327
1918,2310
1918,2307
1918,2228
1918,2089
1918,2082
1918,2077
1918,2072
1918,2038
1918,2001
1918,1959
1919,2579
1919,2463
1919,2378
1919,2130
1920,2577
1920,2428
1920,2378
1920,2361
1920,2356
1920,2340
1920,2289
1920,2242
1920,2207
1920,2099
1921,2643
1921,2463
1921,2346
1921,2308
1921,2241
1921,2231
1921,2117
1921,2057
1923,2652
1923,2560
1923,2542
1923,2534
1923,2520
1923,2516
1923,2472
1923,2433
1923,2430
1923,2342
1923,2294
1923,2237
1923,2200
1923,2196
1923,2192
1923,2066
1923,1962
1924,2512
1924,2460
1924,2329
1924,2273
1924,2233
1924,2140
1924,2108
1924,2003
1925,2649
1925,2617
1925,2491
1925,2473
1925,2443
1925,2434
1925,2404
1925,2359
1925,2341
1925,2317
1925,2313
1925,2311
1925,2276
1925,2137
1925,2068
1926,2606
1926,2591
1926,2590
1926,2582
1926,2430
1926,2414
1926,2340
1926,2294
1926,2266
1926,2225
1926,2203
1926,2182
1926,2022
1926,1973
1926,1952
1926,1939
1926,1936
1927,2635
1927,2226
1927,2087
1927,1998
1927,1985
1927,1939
1928,2588
1928,2585
1928,2472
1928,2273
1928,2243
1928,1955
1929,2659
1929,2566
1929,2530
1929,2475
1929,2297
1929,2010
1930,2546
1930,2508
1930,2361
1930,2241
1930,2093
1930,2066
1931,2660
1931,2652
1931,2501
1931,2498
1931,2479
1931,2184
1931,2109
1931,2043
1931,2000
1932,2642
1932,2477
1932,2340
1932,2311
1932,2261
1932,2226
1932,2062
1932,1998
1933,2603
1933,2540
1933,2144
1933,2082
1933,1960
1934,2580
1934,2412
1934,2300
1934,2273
1934,2073
1934,1966
1935,2649
1935,2648
1935,2294
1935,2293
1935,2278
1935,2220
1935,2133
1935,1987
1935,1944
1936,2521
1936,2440
1936,2405
1936,2324
1936,2300
1936,2081
1936,1986
1937,2153
1938,2576
1938,2531
1938,2516
1938,2512
1938,2506
1938,2501
1938,2461
1938,2459
1938,2419
1938,2371
1938,2243
1938,2242
1938,2058
1938,2039
1938,1959
1938,1942
1939,2616
1939,2583
1939,2571
1939,2525
1939,2496
1939,2411
1939,2355
1939,2322
1939,2307
1939,2297
1939,2290
1939,2154
1939,2151
1939,2122
1939,2118
1939,2036
1939,2007
1940,2550
1940,2492
1940,2440
1940,2427
1940,2424
1940,2409
1940,2399
1940,2394
1940,2390
1940,2287
1940,2108
1940,2099
1940,1985
1940,1980
1940,1942
1941,2660
1941,2537
1941,2506
1941,2494
1941,2386
1941,2344
1941,2311
1941,2289
1941,2031
1942,2561
1942,2543
1942,2542
1942,2521
1942,2406
1942,2307
1942,2289
1942,2288
1942,2224
1942,2189
1942,2171
1942,2042
1942,2039
1942,2033
1942,1981
1942,1963
1943,2616
1943,2475
1943,2420
1943,2194
1943,2018
1943,1994
1944,2641
1944,2579
1944,2551
1944,2512
1944,2387
1944,2229
1944,2189
1944,2180
1944,2149
1944,2138
1944,2122
1945,2654
1945,2606
1945,2542
1945,2522
1945,2520
1945,2482
1945,2425
1945,2416
1945,2395
1945,2290
1945,2180
1945,2057
1945,2043
1945,2024
1945,2014
1946,2443
1946,2442
1946,2389
1946,2283
1946,2280
1946,2161
1946,1970
1946,1963
1947,2632
1947,2613
1947,2575
1947,2362
1947,2329
1947,2285
1947,2260
1947,2233
1947,2216
1947,2213
1947,2145
1947,2141
1947,2134
1947,2039
1947,2030
1947,1989
1947,1953
1948,2653
1948,2639
1948,2608
1948,2532
1948,2519
1948,2506
1948,2462
1948,2366
1948,2299
1948,2197
1948,2174
1948,2122
1948,2057
1948,2040
1948,2011
1948,2006
1948,2003
1949,2416
1949,2341
1950,2633
1950,2538
1950,2446
1950,2408
1950,2332
1950,2321
1950,2202
1950,2115
1950,1953
1951,2546
1951,2369
1951,2312
1951,2064
1951,1959
1952,2599
1952,2549
1952,2446
1952,2284
1952,2259
1952,2232
1952,2210
1952,2173
1952,2148
1952,2103
1953,2606
1953,2579
1953,2499
1953,2491
1953,2359
1953,2355
1953,2334
1953,2196
1953,2165
1954,2638
1954,2616
1954,2607
1954,2568
1954,2558
1954,2543
1954,2516
1954,2506
1954,2374
1954,2370
1954,2282
1954,2137
1954,2097
1954,2062
1955,2597
1955,2549
1955,2531
1955,2521
1955,2500
1955,2399
1955,2355
1955,2337
1955,2317
1955,2228
1955,2145
1955,2140
1955,2135
1955,2045
1955,1995
1957,2203
1958,2610
1958,2571
1958,2547
1958,2285
1958,2268
1958,2226
1959,2644
1959,2623
1959,2545
1959,2432
1959,2355
1959,2180
1959,2163
1960,2633
1960,2575
1960,2441
1960,2433
1960,2410
1960,2248
1960,2216
1961,2607
1961,2600
1961,2533
1961,2356
1961,2347
1961,2247
1961,2241
1961,2236
1961,2043
1961,1995
1962,2636
1962,2617
1962,2466
1962,2400
1962,2268
1962,2173
1962,2169
1962,2023
1962,1987
1962,1965
1963,2643
1963,2591
1963,2549
1963,2200
1963,2135
1963,2091
1964,2588
1964,2550
1964,2534
1964,2526
1964,2445
1964,2356
1964,2323
1964,2257
1964,2237
1964,2163
1964,2075
1964,2068
1964,2059
1964,2020
1964,2004
1965,2553
1965,2549
1965,2489
1965,2451
1965,2436
1965,2408
1965,2227
1965,2191
1965,2071
1966,2512
1966,2475
1966,2436
1966,2274
1966,2267
1966,2258
1966,2254
1966,2099
1968,2627
1968,2592
1968,2428
1968,2406
1968,2361
1968,2250
1968,2246
1968,2242
1968,2179
1968,2097
1968,2021
1968,2011
1969,2556
1969,2549
1969,2508
1969,2396
1969,2254
1969,2229
1969,2206
1969,2099
1970,2445
1970,2409
1970,2293
1970,2229
1970,2224
1970,2169
1970,2078
1971,2496
1971,2465
1971,2451
1971,2416
1971,2338
1971,2303
1971,2254
1971,2243
1971,2180
1971,2144
1971,2075
1971,2039
1971,2028
1971,2010
1971,1981
1972,2653
1972,2642
1972,2635
1972,2563
1972,2377
1972,2289
1972,2244
1972,2047
1972,2039
1973,2629
1973,2603
1973,2557
1973,2488
1973,2386
1973,2369
1973,2326
1973,2290
1973,2275
1973,2266
1973,2252
1973,2156
1973,2122
1973,2032
1974,2609
1974,2479
1975,2649
1975,2611
1975,2325
1975,2260
1975,2211
1975,2137
1976,2533
1976,2531
1976,2453
1976,2224
1976,2146
1976,2093
1976,2029
1977,2429
1977,2322
1978,2386
1979,2601
1979,2525
1979,2416
1979,2348
1979,2336
1979,2243
1979,2237
1979,2234
1979,2147
1979,2146
1979,2087
1980,2660
1980,2607
1980,2324
1980,2305
1981,2641
1981,2636
1981,2608
1981,2578
1981,2549
1981,2502
1981,2465
1981,2416
1981,2415
1981,2385
1981,2302
1981,2300
1981,2272
1981,2203
1981,2096
1981,2068
1981,2005
1982,2616
1982,2612
1982,2608
1982,2607
1982,2575
1982,2573
1982,2461
1982,2304
1982,2232
1982,2224
1982,2187
1982,2007
1983,2608
1983,2589
1983,2515
1983,2498
1983,2473
1983,2420
1983,2417
1983,2393
1983,2361
1983,2305
1983,2223
1983,2149
1983,2091
1983,2047
1984,2650
1984,2644
1984,2557
1984,2314
1984,2264
1984,2249
1984,2156
1984,2099
1984,2081
1984,2024
1985,2643
1985,2537
1985,2534
1985,2455
1985,2411
1985,2398
1985,2353
1985,2310
1985,2196
1985,2194
1985,2180
1985,2082
1986,2463
1986,2458
1986,2442
1986,2427
1986,2394
1986,2392
1986,2315
1986,2274
1986,2190
1986,2187
1986,2134
1986,2081
1986,2063
1986,2048
1986,2020
1987,2619
1987,2394
1987,2272
1987,2166
1987,2165
1987,2129
1987,2083
1987,2026
1988,2643
1988,2295
1988,2110
1988,2029
1989,2630
1989,2609
1989,2584
1989,2473
1989,2433
1989,2378
1989,2372
1989,2311
1989,2184
1989,2090
1990,2529
1990,2095
1991,2608
1991,2598
1991,2550
1991,2299
1991,2235
1991,2219
1991,2126
1992,2552
1993,2598
1993,2449
1993,2366
1993,2143
1993,2135
1993,2096
1994,2655
1994,2653
1994,2581
1994,2496
1994,2495
1994,2469
1994,2359
1994,2325
1994,2312
1994,2256
1994,2220
1994,2160
1994,2139
1994,2023
1995,2589
1995,2508
1995,2465
1995,2428
1995,2348
1995,2274
1995,2228
1995,2138
1995,2124
1996,2643
1996,2616
1996,2199
1996,2155
1996,2072
1997,2611
1997,2427
1997,2187
1997,2132
1997,2060
1997,2028
1998,2631
1998,2610
1998,2052
1999,2584
1999,2474
1999,2283
1999,2278
1999,2188
1999,2165
1999,2151
1999,2028
2000,2658
2000,2653
2000,2583
2000,2571
2000,2042
2001,2649
2001,2461
2001,2396
2001,2125
2002,2507
2002,2452
2002,2414
2002,2406
2002,2393
2002,2315
2002,2261
2002,2213
2002,2131
2003,2559
2003,2482
2003,2420
2003,2226
2003,2176
2003,2044
2004,2597
2004,2578
2004,2526
2004,2381
2004,2235
2004,2215
2004,2214
2004,2209
2004,2180
2004,2012
2004,2010
2005,2415
2005,2336
2005,2307
2005,2285
2005,2254
2005,2189
2005,2144
2005,2040
2005,2033
2006,2623
2006,2592
2006,2292
2006,2264
2006,2254
2006,2052
2006,2042
2007,2559
2007,2495
2007,2466
2007,2452
2007,2308
2007,2292
2007,2246
2007,2231
2007,2190
2007,2175
2007,2124
2007,2122
2007,2105
2008,2598
2008,2577
2008,2259
2009,2543
2009,2414
2009,2351
2009,2323
2009,2305
2009,2122
2010,2609
2010,2476
2010,2362
2010,2191
2010,2062
2011,2630
2011,2462
2011,2233
2011,2153
2011,2060
2012,2585
2012,2313
2012,2151
2012,2068
2013,2647
2013,2542
2013,2495
2013,2426
2013,2364
2013,2331
2014,2337
2016,2448
2016,2377
2016,2292
2016,2259
2016,2155
2016,2143
2018,2202
2018,2200
2018,2191
2018,2148
2018,2060
2018,2042
2019,2649
2019,2581
2019,2500
2019,2482
2019,2474
2019,2309
2019,2305
2019,2232
2019,2210
2019,2190
2019,2148
2020,2640
2020,2616
2020,2519
2020,2498
2020,2490
2020,2459
2020,2362
2020,2320
2020,2311
2020,2259
2020,2096
2020,2085
2020,2033
2021,2654
2021,2625
2021,2581
2021,2553
2021,2504
2021,2489
2021,2467
2021,2356
2021,2326
2021,2308
2021,2258
2021,2110
2021,2084
2021,2073
2021,2070
2021,2040
2021,2024
2021,2023
2022,2586
2022,2510
2022,2165
2023,2499
2023,2482
2023,2369
2023,2330
2023,2322
2023,2284
2023,2242
2023,2161
2023,2028
2024,2611
2024,2463
2024,2341
2024,2322
2024,2313
2024,2138
2025,2447
2025,2355
2025,2302
2026,2647
2026,2609
2026,2591
2026,2573
2026,2497
2026,2363
2026,2274
2026,2258
2026,2252
2026,2246
2026,2186
2026,2124
2026,2117
2026,2115
2026,2107
2026,2101
2026,2085
2026,2059
2026,2038
2027,2065
2027,2061
2027,2031
2028,2601
2028,2573
2028,2564
2028,2534
2028,2520
2028,2506
2028,2468
2028,2404
2028,2261
2028,2260
2028,2254
2028,2238
2028,2215
2028,2164
2028,2161
2028,2137
2029,2600
2029,2548
2029,2543
2029,2413
2029,2384
2029,2374
2029,2306
2029,2155
2029,2141
2029,2093
2029,2088
2029,2032
2030,2572
2030,2401
2030,2393
2030,2336
2030,2170
2030,2070
2030,2053
2030,2048
2031,2636
2031,2605
2031,2543
2031,2410
2031,2357
2031,2215
2031,2151
2031,2118
2031,2101
2031,2074
2032,2659
2032,2578
2032,2522
2032,2517
2032,2426
2032,2409
2032,2385
2032,2369
2032,2290
2032,2265
2032,2206
2032,2090
2032,2060
2032,2040
2033,2660
2033,2591
2033,2442
2033,2396
2033,2378
2033,2274
2033,2216
2033,2189
2033,2174
2035,2146
2035,2073
2036,2594
2036,2540
2036,2434
2036,2432
2036,2400
2036,2327
2036,2317
2036,2173
2036,2165
2036,2085
2037,2556
2037,2479
2037,2469
2037,2304
2037,2262
2037,2239
2037,2203
2037,2149
2037,2058
2038,2631
2038,2623
2038,2602
2038,2576
2038,2559
2038,2547
2038,2494
2038,2446
2038,2434
2038,2393
2038,2356
2038,2335
2038,2298
2038,2229
2038,2218
2038,2212
2038,2161
2038,2143
2038,2062
2039,2620
2039,2551
2039,2537
2039,2524
2039,2298
2039,2294
2039,2248
2039,2246
2039,2240
2039,2239
2039,2213
2039,2174
2039,2108
2040,2576
2040,2542
2040,2512
2040,2476
2040,2381
2040,2362
2040,2352
2040,2332
2040,2304
2040,2294
2040,2250
2040,2187
2040,2072
2040,2044
2042,2580
2042,2537
2042,2406
2042,2368
2042,2294
2042,2289
2042,2273
2042,2271
2042,2264
2042,2259
2042,2164
2042,2139
2042,2126
2042,2088
2043,2449
2043,2390
2043,2125
2043,2082
2043,2052
2044,2653
2044,2592
2044,2507
2044,2386
2044,2384
2044,2354
2044,2348
2044,2331
2044,2244
2044,2241
2044,2136
2044,2083
2044,2081
2045,2622
2045,2547
2045,2451
2045,2385
2045,2344
2045,2343
2045,2291
2045,2111
2045,2102
2045,2061
2046,2641
2046,2613
2046,2581
2046,2489
2046,2384
2046,2341
2046,2274
2046,2211
2046,2164
2046,2103
2047,2615
2047,2600
2047,2578
2047,2575
2047,2574
2047,2493
2047,2377
2047,2326
2047,2060
2048,2583
2048,2496
2048,2475
2048,2464
2048,2408
2048,2352
2048,2241
2048,2218
2048,2164
2048,2077
2048,2068
2049,2603
2049,2530
2049,2472
2049,2280
2049,2068
2050,2268
2051,2422
2051,2125
2052,2506
2052,2434
2052,2385
2052,2367
2052,2364
2052,2355
2052,2314
2052,2249
2052,2232
2052,2160
2053,2657
2053,2612
2053,2607
2053,2557
2053,2552
2053,2484
2053,2468
2053,2413
2053,2381
2053,2348
2053,2345
2053,2253
2053,2122
2053,2060
2054,2638
2054,2636
2054,2615
2054,2482
2054,2436
2054,2426
2054,2378
2054,2326
2054,2237
2054,2172
2054,2120
2054,2063
2055,2625
2055,2538
2055,2485
2055,2393
2055,2367
2055,2291
2055,2254
2055,2233
2055,2213
2055,2212
2055,2179
2055,2172
2055,2151
2055,2123
2055,2081
2055,2066
2056,2423
2056,2399
2056,2342
2056,2224
2056,2139
2056,2133
2057,2659
2057,2632
2057,2540
2057,2500
2057,2401
2057,2368
2057,2235
2057,2133
2057,2119
2058,2629
2058,2484
2058,2458
2058,2376
2058,2369
2058,2276
2059,2653
2059,2603
2059,2512
2059,2436
2059,2214
2060,2548
2060,2537
2060,2514
2060,2453
2060,2351
2060,2333
2060,2306
2060,2304
2060,2289
2060,2205
2060,2183
2060,2149
2061,2567
2061,2463
2061,2384
2061,2340
2061,2223
2061,2081
2061,2078
2062,2649
2062,2616
2062,2607
2062,2536
2062,2464
2062,2445
2062,2430
2062,2403
2062,2391
2062,2376
2062,2291
2062,2216
2062,2187
2062,2163
2062,2124
2063,2598
2063,2568
2063,2543
2063,2480
2063,2268
2063,2232
2063,2171
2063,2130
2063,2115
2063,2071
2063,2068
2064,2562
2064,2554
2064,2450
2064,2427
2064,2392
2064,2319
2064,2312
2064,2202
2064,2189
2064,2160
2065,2629
2065,2611
2065,2607
2065,2525
2065,2484
2065,2482
2065,2435
2065,2354
2065,2348
2065,2331
2065,2275
2065,2261
2065,2213
2065,2111
2065,2108
2065,2103
2065,2086
2065,2071
2066,2543
2066,2522
2066,2248
2066,2240
2066,2220
2067,2377
2067,2376
2067,2108
2068,2640
2068,2539
2068,2527
2068,2521
2068,2433
2068,2396
2068,2389
2068,2318
2068,2235
2068,2234
2068,2084
2068,2077
2069,2581
2069,2572
2069,2477
2069,2463
2069,2426
2069,2383
2069,2335
2069,2299
2069,2291
2069,2254
2069,2242
2069,2133
2069,2117
2069,2111
2069,2102
2069,2089
2069,2081
2070,2554
2070,2526
2070,2372
2070,2197
2070,2158
2071,2636
2071,2575
2071,2455
2071,2418
2071,2385
2071,2325
2072,2659
2072,2619
2072,2602
2072,2588
2072,2503
2072,2448
2072,2306
2072,2266
2072,2228
2072,2148
2072,2129
2072,2128
2073,2649
2073,2629
2073,2537
2073,2463
2073,2349
2073,2330
2073,2327
2073,2148
2074,2438
2074,2367
2074,2210
2074,2145
2075,2660
2075,2646
2075,2606
2075,2568
2075,2525
2075,2498
2075,2464
2075,2458
2075,2400
2075,2376
2075,2352
2075,2335
2075,2303
2075,2196
2075,2142
2075,2098
2076,2619
2076,2553
2077,2630
2077,2485
2077,2292
2077,2208
2077,2179
2077,2111
2077,2087
2078,2653
2078,2311
2078,2241
2078,2211
2078,2117
2080,2594
2080,2371
2080,2291
2081,2640
2081,2601
2081,2572
2081,2389
2081,2376
2081,2256
2081,2230
2081,2150
2081,2098
2082,2646
2082,2389
2083,2364
2084,2660
2084,2655
2084,2637
2084,2622
2084,2370
2084,2367
2084,2359
2084,2355
2084,2279
2084,2273
2084,2144
2085,2571
2085,2534
2085,2289
2085,2266
2085,2212
2085,2184
2086,2642
2086,2579
2086,2544
2086,2521
2086,2471
2086,2461
2086,2458
2086,2438
2086,2343
2086,2332
2086,2208
2086,2149
2086,2087
2087,2602
2087,2577
2087,2518
2087,2492
2087,2488
2087,2401
2087,2395
2087,2330
2087,2308
2087,2232
2087,2212
2087,2164
2088,2547
2088,2512
2088,2501
2088,2474
2088,2473
2088,2454
2088,2338
2088,2319
2088,2289
2088,2191
2088,2145
2089,2130
2089,2099
2090,2659
2090,2642
2090,2613
2090,2544
2090,2524
2090,2396
2090,2394
2090,2355
2090,2133
2091,2405
2091,2335
2092,2597
2092,2546
2092,2533
2092,2530
2092,2482
2092,2447
2092,2332
2092,2304
2092,2268
2092,2253
2092,2184
2093,2509
2093,2508
2093,2498
2093,2416
2093,2393
2093,2280
2093,2259
2093,2258
2093,2213
2093,2202
2093,2144
2094,2656
2095,2644
2095,2635
2095,2555
2095,2512
2095,2472
2095,2465
2095,2445
2095,2345
2095,2259
2096,2646
2096,2619
2096,2590
2096,2467
2096,2339
2096,2326
2096,2305
2096,2304
2096,2296
2096,2229
2096,2189
2097,2616
2097,2604
2097,2410
2098,2628
2098,2552
2098,2546
2098,2511
2098,2436
2098,2392
2098,2387
2098,2338
2098,2179
2098,2108
2099,2613
2099,2542
2099,2485
2099,2478
2099,2387
2099,2371
2099,2258
2099,2249
2099,2208
2100,2440
2101,2646
2101,2602
2101,2586
2101,2567
2101,2546
2101,2532
2101,2521
2101,2478
2101,2234
2101,2200
2101,2155
2101,2104
2102,2361
2102,2355
2102,2278
2102,2261
2102,2208
2102,2186
2102,2185
2103,2516
2103,2473
2103,2302
2103,2111
2104,2613
2104,2610
2104,2554
2104,2508
2104,2468
2104,2273
2104,2259
2104,2239
2105,2389
2107,2524
2107,2396
2107,2361
2107,2304
2107,2280
2107,2215
2108,2616
2108,2597
2108,2588
2108,2572
2108,2521
2108,2518
2108,2511
2108,2489
2108,2477
2108,2353
2108,2282
2108,2274
2109,2649
2109,2589
2109,2582
2109,2575
2109,2465
2109,2403
2109,2288
2109,2126
2110,2647
2110,2594
2110,2529
2110,2451
2110,2368
2110,2356
2110,2351
2110,2316
2110,2280
2110,2185
2111,2651
2111,2646
2111,2624
2111,2610
2111,2602
2111,2564
2111,2549
2111,2545
2111,2539
2111,2532
2111,2449
2111,2432
2111,2412
2111,2393
2111,2275
2111,2272
2111,2261
2111,2220
2111,2202
2112,2598
2112,2516
2112,2196
2112,2124
2113,2397
2114,2535
2114,2438
2114,2399
2114,2366
2114,2203
2115,2618
2115,2576
2115,2306
2116,2652
2116,2651
2116,2573
2116,2534
2116,2526
2116,2460
2116,2411
2116,2410
2116,2385
2116,2277
2116,2264
2116,2231
2116,2173
2116,2131
2117,2540
2117,2512
2117,2390
2117,2240
2117,2175
2117,2163
2118,2660
2118,2622
2118,2445
2118,2315
2118,2242
2119,2285
2119,2279
2119,2215
2119,2160
2120,2521
2120,2471
2120,2406
2120,2284
2121,2597
2121,2445
2121,2300
2121,2293
2121,2291
2121,2283
2121,2213
2121,2145
2121,2125
2122,2576
2122,2567
2122,2472
2122,2449
2122,2313
2122,2305
2122,2239
2122,2234
2122,2133
2123,2517
2123,2488
2123,2384
2123,2368
2123,2288
2123,2262
2123,2215
2123,2176
2124,2605
2124,2475
2124,2413
2124,2362
2124,2243
2125,2646
2125,2632
2125,2624
2125,2586
2125,2396
2125,2322
2125,2305
2125,2266
2125,2264
2125,2262
2125,2208
2125,2141
2125,2139
2126,2591
2126,2422
2126,2299
2126,2268
2126,2213
2126,2151
2127,2623
2127,2586
2127,2570
2127,2434
2127,2401
2127,2334
2127,2273
2127,2225
2127,2201
2128,2617
2128,2602
2128,2599
2128,2597
2128,2563
2128,2330
2128,2223
2128,2192
2128,2150
2128,2144
2129,2642
2129,2491
2129,2272
2130,2440
2130,2411
2131,2415
2131,2387
2131,2319
2131,2196
2132,2624
2132,2607
2132,2578
2132,2561
2132,2560
2132,2559
2132,2533
2132,2508
2132,2468
2132,2465
2132,2387
2132,2385
2132,2376
2132,2297
2132,2283
2132,2252
2132,2242
2132,2239
2132,2231
2132,2197
2133,2643
2133,2572
2133,2464
2133,2449
2133,2428
2133,2311
2133,2308
2133,2148
2134,2660
2134,2657
2134,2589
2134,2564
2134,2531
2134,2404
2134,2397
2134,2386
2134,2381
2134,2364
2134,2266
2134,2143
2135,2651
2135,2624
2135,2376
2135,2370
2135,2343
2135,2322
2135,2306
2135,2272
2135,2246
2135,2186
2136,2630
2136,2591
2136,2520
2136,2458
2136,2394
2136,2390
2136,2355
2136,2218
2136,2203
2136,2154
2137,2657
2137,2626
2137,2520
2137,2408
2137,2353
2137,2224
2137,2222
2137,2177
2137,2138
2138,2603
2138,2522
2138,2438
2138,2434
2138,2430
2138,2408
2138,2346
2138,2307
2138,2296
2138,2285
2138,2237
2138,2221
2138,2218
2138,2212
2138,2171
2138,2140
2139,2530
2139,2404
2139,2377
2139,2325
2139,2313
2139,2261
2139,2215
2139,2209
2139,2199
2139,2194
2140,2641
2140,2426
2140,2384
2140,2289
2140,2242
2140,2208
2141,2609
2141,2597
2141,2561
2141,2536
2141,2410
2141,2345
2141,2339
2141,2279
2141,2220
2141,2196
2141,2184
2141,2161
2142,2649
2142,2411
2142,2335
2142,2268
2142,2247
2142,2235
2142,2231
2142,2163
2142,2162
2143,2561
2143,2485
2143,2370
2143,2355
2143,2215
2143,2189
2143,2172
2144,2640
2144,2624
2144,2593
2144,2580
2144,2440
2144,2390
2144,2374
2144,2357
2144,2164
2145,2655
2145,2628
2145,2543
2145,2530
2145,2461
2145,2424
2145,2398
2145,2387
2145,2338
2145,2203
2145,2180
2146,2610
2146,2585
2146,2425
2146,2254
2146,2223
2147,2642
2147,2563
2147,2492
2147,2425
2147,2398
2147,2359
2147,2296
2147,2279
2147,2252
2148,2655
2148,2624
2148,2519
2148,2512
2148,2484
2148,2454
2148,2379
2148,2359
2148,2218
2149,2654
2149,2639
2149,2597
2149,2573
2149,2482
2149,2451
2149,2305
2149,2276
2149,2253
2149,2213
2149,2207
2149,2206
2150,2658
2150,2598
2150,2594
2150,2473
2150,2394
2150,2219
2150,2210
2151,2656
2151,2640
2151,2636
2151,2563
2151,2491
2151,2378
2151,2376
2151,2232
2151,2165
2152,2361
2152,2191
2153,2638
2153,2531
2153,2507
2153,2433
2153,2376
2153,2374
2153,2257
2153,2232
2153,2201
2154,2599
2154,2509
2154,2501
2154,2488
2154,2446
2154,2427
2154,2349
2154,2343
2154,2333
2154,2302
2154,2291
2155,2559
2155,2484
2155,2473
2155,2365
2155,2356
2155,2242
2155,2233
2155,2232
2155,2223
2155,2201
2155,2187
2156,2597
2156,2534
2157,2644
2157,2603
2157,2585
2157,2482
2157,2463
2157,2332
2157,2324
2157,2258
2157,2213
2158,2614
2158,2388
2159,2394
2159,2357
2159,2283
2160,2637
2160,2523
2160,2508
2160,2292
2161,2640
2161,2575
2161,2500
2161,2497
2161,2428
2161,2399
2161,2398
2161,2354
2161,2272
2161,2228
2161,2198
2162,2314
2162,2239
2163,2579
2163,2557
2163,2454
2163,2401
2163,2392
2163,2267
2163,2164
2164,2608
2164,2606
2164,2578
2164,2552
2164,2511
2164,2498
2164,2415
2164,2353
2164,2344
2164,2210
2164,2189
2165,2653
2165,2638
2165,2582
2165,2491
2165,2478
2165,2445
2165,2332
2165,2310
2165,2297
2165,2291
2165,2242
2166,2628
2166,2517
2166,2480
2166,2453
2166,2287
2166,2177
2169,2645
2169,2626
2169,2605
2169,2597
2169,2593
2169,2539
2169,2522
2169,2415
2169,2406
2169,2394
2169,2369
2169,2352
2169,2339
2169,2333
2169,2313
2169,2311
2169,2236
2169,2200
2170,2549
2170,2352
2171,2598
2171,2585
2171,2420
2171,2390
2171,2379
2171,2305
2172,2642
2172,2606
2172,2524
2172,2477
2172,2396
2172,2392
2172,2367
2172,2343
2172,2328
2172,2270
2172,2182
2173,2575
2173,2543
2173,2463
2173,2420
2173,2399
2173,2348
2173,2274
2173,2218
2174,2571
2174,2555
2174,2502
2174,2449
2174,2418
2174,2270
2174,2261
2175,2597
2175,2592
2175,2577
2175,2542
2176,2573
2176,2562
2176,2539
2176,2446
2176,2415
2176,2339
2176,2321
2176,2311
2176,2284
2176,2252
2176,2221
2177,2529
2177,2512
2177,2383
2177,2374
2177,2338
2177,2237
2178,2474
2179,2623
2179,2560
2179,2506
2179,2436
2179,2384
2179,2377
2179,2326
2179,2274
2179,2267
2180,2622
2180,2604
2180,2572
2180,2325
2180,2296
2180,2205
2181,2598
2181,2254
2181,2215
2182,2649
2182,2465
2182,2345
2183,2584
2183,2498
2183,2488
2183,2288
2183,2235
2183,2234
2184,2522
2184,2499
2184,2495
2184,2486
2184,2479
2184,2459
2184,2427
2184,2419
2184,2353
2184,2254
2184,2249
2185,2604
2185,2577
2185,2543
2185,2500
2185,2338
2185,2302
2185,2300
2185,2229
2186,2655
2186,2594
2186,2550
2186,2506
2186,2442
2186,2313
2186,2215
2186,2213
2187,2644
2187,2584
2187,2574
2187,2538
2187,2500
2187,2467
2187,2443
2187,2442
2187,2355
2187,2304
2187,2298
2187,2260
2187,2212
2188,2629
2188,2501
2188,2468
2188,2413
2188,2215
2188,2194
2189,2657
2189,2605
2189,2575
2189,2546
2189,2531
2189,2473
2189,2442
2189,2276
2190,2499
2190,2479
2190,2318
2190,2253
2190,2248
2191,2637
2191,2435
2191,2419
2191,2398
2191,2378
2191,2370
2191,2326
2191,2323
2191,2304
2191,2297
2191,2243
2191,2208
2192,2629
2192,2624
2192,2243
2193,2530
2193,2308
2193,2292
2193,2223
2193,2211
2194,2590
2194,2485
2194,2410
2194,2343
2194,2334
2194,2310
2194,2262
2196,2603
2196,2551
2196,2507
2196,2474
2196,2464
2196,2451
2196,2264
2196,2201
2197,2642
2197,2574
2197,2529
2197,2499
2197,2480
2197,2463
2197,2429
2197,2280
2198,2645
2198,2624
2198,2618
2198,2556
2198,2507
2198,2465
2198,2348
2198,2314
2199,2610
2199,2503
2199,2495
2199,2473
2199,2443
2199,2415
2199,2393
2199,2293
2199,2226
2199,2221
2200,2592
2201,2629
2201,2501
2201,2475
2201,2343
2201,2302
2201,2280
2202,2468
2202,2404
2202,2395
2202,2345
2202,2312
2203,2641
2203,2604
2203,2534
2203,2485
2203,2465
2203,2418
2203,2335
2203,2333
2203,2325
2203,2242
2203,2229
2205,2643
2205,2638
2205,2411
2205,2390
2205,2345
2205,2318
2205,2218
2206,2650
2206,2609
2206,2557
2206,2355
2207,2601
2207,2590
2207,2573
2207,2544
2207,2430
2207,2350
2207,2289
2207,2279
2207,2229
2208,2575
2208,2420
2208,2389
2208,2311
2208,2287
2208,2277
2208,2237
2209,2633
2209,2496
2209,2473
2209,2303
2209,2300
2209,2252
2209,2223
2209,2222
2210,2625
2210,2524
2210,2400
2210,2355
2210,2299
2210,2265
2210,2228
2211,2602
2211,2571
2211,2401
2211,2319
2211,2297
2211,2263
2211,2246
2211,2239
2212,2629
2212,2619
2212,2571
2212,2400
2212,2348
2212,2344
2212,2294
2212,2243
2213,2623
2213,2586
2213,2540
2213,2414
2213,2397
2213,2273
2214,2559
2214,2499
2214,2488
2214,2434
2214,2393
2214,2275
2214,2258
2214,2218
2215,2656
2215,2652
2215,2590
2215,2518
2215,2491
2215,2472
2215,2433
2215,2408
2215,2378
2215,2309
2215,2261
2215,2258
2215,2247
2216,2566
2216,2529
2216,2434
2216,2427
2216,2361
2216,2261
2217,2512
2217,2491
2218,2629
2218,2434
2218,2425
2218,2372
2219,2529
2219,2366
2219,2272
2220,2547
2220,2501
2220,2400
2220,2319
2220,2284
2221,2529
2221,2465
2221,2334
2221,2268
2222,2611
2222,2590
2222,2556
2222,2436
2222,2420
2222,2398
2222,2397
2222,2365
2222,2307
2222,2289
2222,2239
2222,2233
2223,2659
2223,2492
2223,2478
2223,2434
2223,2413
2223,2412
2223,2339
2223,2321
2223,2314
2223,2297
2223,2256
2224,2656
2224,2594
2224,2581
2224,2433
2224,2372
2224,2304
2224,2264
2225,2589
2225,2571
2225,2469
2225,2414
2225,2321
2225,2292
2226,2564
2226,2415
2226,2412
2226,2268
2227,2282
2228,2655
2228,2653
2228,2566
2228,2531
2228,2465
2228,2441
2228,2379
2229,2496
2229,2343
2229,2298
2229,2270
2230,2362
2230,2289
2230,2275
2231,2659
2231,2648
2231,2469
2231,2464
2231,2408
2231,2296
2232,2625
2232,2578
2232,2511
2232,2463
2232,2453
2232,2435
2232,2369
2232,2340
2232,2235
2233,2577
2233,2518
2233,2436
2233,2291
2234,2616
2234,2547
2234,2392
2234,2348
2234,2288
2235,2654
2235,2630
2235,2627
2235,2585
2235,2489
2235,2420
2235,2319
2235,2279
2235,2273
2236,2404
2236,2384
2236,2382
2236,2301
2237,2637
2237,2518
2237,2516
2237,2475
2237,2392
2237,2345
2237,2343
2237,2329
2238,2519
2238,2385
2239,2656
2239,2648
2239,2631
2239,2585
2239,2497
2239,2482
2239,2471
2239,2463
2239,2448
2239,2427
2239,2414
2239,2278
2240,2641
2240,2480
2240,2458
2240,2379
2240,2302
2241,2658
2241,2620
2241,2619
2241,2597
2241,2534
2241,2531
2241,2522
2241,2484
2241,2295
2242,2627
2242,2612
2242,2602
2242,2549
2242,2525
2242,2484
2242,2456
2242,2427
2242,2342
2242,2243
2243,2653
2243,2551
2243,2423
2243,2381
2243,2306
2243,2265
2244,2567
2244,2555
2244,2415
2244,2327
2244,2296
2244,2291
2246,2627
2246,2586
2246,2530
2246,2493
2246,2417
2246,2291
2246,2267
2246,2266
2247,2636
2247,2614
2247,2580
2247,2578
2247,2407
2247,2288
2248,2649
2248,2549
2248,2491
2248,2445
2248,2442
2248,2434
2249,2653
2249,2608
2249,2508
2249,2492
2249,2428
2249,2398
2249,2390
2249,2385
2249,2381
2249,2354
2250,2644
2250,2600
2250,2505
2250,2392
2250,2327
2251,2317
2252,2543
2252,2492
2252,2488
2253,2635
2253,2466
2253,2465
2253,2427
2253,2400
2253,2276
2253,2271
2254,2637
2254,2543
2254,2533
2254,2523
2254,2474
2254,2469
2254,2408
2254,2366
2254,2352
2254,2295
2255,2399
2256,2464
2256,2318
2256,2282
2256,2266
2257,2491
2257,2482
2257,2399
2257,2384
2257,2368
2258,2632
2258,2628
2258,2606
2258,2588
2258,2556
2258,2336
2258,2308
2258,2289
2259,2604
2259,2578
2259,2552
2259,2495
2259,2474
2259,2464
2259,2390
2259,2342
2259,2328
2259,2290
2259,2277
2260,2459
2260,2410
2260,2319
2261,2559
2261,2550
2261,2480
2261,2472
2261,2432
2261,2426
2261,2406
2261,2345
2261,2304
2261,2295
2262,2454
2262,2371
2263,2375
2264,2631
2264,2581
2264,2497
2264,2488
2264,2443
2264,2374
2264,2295
2264,2293
2264,2290
2265,2629
2265,2523
2265,2344
2265,2293
2265,2288
2266,2568
2266,2474
2266,2366
2266,2283
2266,2273
2267,2652
2267,2464
2267,2460
2267,2445
2267,2347
2267,2318
2268,2609
2268,2553
2268,2552
2268,2531
2268,2509
2268,2506
2268,2387
2270,2653
2270,2603
2270,2567
2270,2335
2270,2287
2271,2522
2271,2484
2271,2445
2271,2440
2272,2655
2272,2640
2272,2624
2272,2543
2272,2427
2272,2406
2272,2398
2272,2397
2272,2324
2272,2298
2273,2637
2273,2554
2273,2525
2273,2458
2273,2404
2273,2381
2273,2358
2274,2516
2274,2392
2274,2348
2274,2332
2275,2650
2275,2622
2275,2451
2275,2448
2275,2389
2275,2367
2275,2365
2275,2358
2275,2313
2276,2613
2276,2589
2276,2567
2276,2566
2276,2516
2276,2513
2276,2473
2276,2394
2276,2391
2276,2350
2276,2303
2276,2288
2277,2381
2277,2361
2277,2329
2278,2654
2278,2484
2278,2472
2278,2407
2278,2399
2278,2393
2278,2381
2278,2377
2278,2338
2278,2302
2278,2296
2279,2636
2279,2604
2279,2540
2279,2499
2279,2485
2279,2449
2279,2290
2280,2606
2280,2579
2280,2363
2280,2329
2282,2570
2282,2414
2283,2566
2283,2545
2283,2542
2283,2532
2283,2482
2283,2419
2283,2389
2283,2352
2284,2594
2284,2396
2284,2292
2285,2652
2285,2556
2285,2552
2285,2501
2285,2460
2285,2433
2285,2395
2285,2389
2286,2524
2286,2508
2286,2465
2286,2372
2287,2654
2287,2645
2287,2594
2287,2550
2287,2502
2287,2478
2287,2335
2287,2333
2288,2624
2288,2578
2288,2568
2288,2536
2288,2518
2288,2503
2288,2430
2288,2409
2288,2386
2288,2289
2289,2652
2289,2639
2289,2615
2289,2592
2289,2549
2289,2500
2289,2466
2289,2405
2289,2345
2289,2293
2290,2599
2290,2594
2290,2584
2290,2518
2290,2486
2290,2480
2290,2366
2290,2347
2291,2379
2291,2352
2291,2336
2292,2566
2292,2536
2292,2494
2292,2374
2293,2558
2293,2464
2293,2429
2293,2414
2293,2380
2293,2369
2293,2311
2294,2448
2294,2428
2294,2345
2294,2323
2295,2606
2295,2446
2295,2407
2296,2590
2296,2528
2296,2506
2296,2502
2296,2485
2296,2451
2296,2440
2296,2372
2296,2341
2296,2324
2296,2317
2297,2525
2297,2459
2298,2625
2298,2624
2298,2602
2298,2428
2298,2415
2298,2400
2298,2361
2299,2646
2299,2597
2299,2478
2299,2475
2299,2419
2299,2400
2299,2364
2300,2612
2300,2605
2300,2603
2300,2589
2300,2560
2300,2521
2300,2508
2300,2356
2302,2576
2302,2564
2302,2561
2302,2560
2302,2506
2302,2484
2302,2414
2302,2329
2303,2652
2303,2575
2303,2552
2303,2516
2303,2509
2303,2477
2303,2407
2303,2381
2303,2325
2304,2657
2304,2652
2304,2561
2304,2556
2304,2504
2304,2498
2304,2496
2304,2325
2304,2308
2305,2611
2305,2582
2305,2504
2305,2430
2305,2356
2305,2328
2306,2590
2306,2582
2306,2544
2306,2509
2306,2508
2306,2495
2306,2454
2306,2449
2306,2415
2306,2413
2306,2347
2307,2502
2307,2429
2307,2338
2307,2312
2308,2640
2308,2619
2308,2536
2308,2477
2308,2379
2308,2376
2309,2522
2309,2512
2309,2454
2309,2364
2310,2622
2310,2502
2310,2488
2310,2484
2310,2463
2310,2451
2310,2415
2310,2356
2311,2629
2311,2615
2311,2613
2311,2537
2311,2477
2311,2438
2311,2429
2311,2348
2311,2312
2312,2630
2312,2546
2312,2381
2312,2341
2313,2646
2313,2575
2313,2555
2313,2452
2314,2635
2314,2449
2314,2398
2314,2377
2314,2362
2314,2344
2315,2631
2315,2625
2315,2616
2315,2608
2315,2604
2315,2501
2315,2395
2315,2316
2316,2464
2317,2582
2317,2465
2317,2463
2318,2623
2318,2567
2318,2566
2318,2550
2318,2489
2318,2398
2319,2659
2319,2628
2319,2553
2319,2530
2319,2469
2319,2455
2319,2448
2319,2438
2319,2404
2319,2356
2320,2543
2320,2328
2321,2571
2321,2417
2321,2392
2322,2460
2322,2453
2322,2363
2323,2646
2323,2510
2323,2491
2323,2442
2323,2434
2324,2628
2324,2583
2324,2548
2324,2522
2324,2389
2325,2615
2325,2559
2325,2491
2325,2383
2326,2512
2326,2372
2326,2343
2327,2646
2327,2459
2327,2428
2327,2369
2327,2336
2328,2465
2328,2452
2328,2410
2328,2376
2329,2630
2329,2599
2329,2582
2329,2532
2329,2394
2329,2335
2330,2612
2330,2517
2330,2485
2330,2443
2330,2440
2330,2424
2330,2342
2331,2617
2331,2594
2331,2480
2331,2436
2331,2429
2332,2654
2332,2616
2332,2615
2332,2599
2332,2586
2332,2585
2332,2576
2332,2447
2332,2432
2332,2406
2332,2363
2332,2362
2333,2640
2333,2630
2333,2588
2333,2575
2333,2556
2333,2497
2333,2489
2333,2378
2334,2650
2334,2642
2334,2552
2334,2508
2334,2496
2334,2463
2334,2440
2334,2420
2334,2418
2334,2341
2335,2617
2335,2616
2335,2586
2335,2504
2335,2499
2335,2455
2336,2659
2336,2636
2336,2603
2336,2474
2336,2468
2337,2451
2337,2420
2337,2395
2337,2344
2338,2653
2338,2623
2338,2608
2338,2571
2338,2463
2338,2449
2338,2416
2338,2366
2338,2355
2339,2581
2339,2572
2339,2558
2339,2531
2339,2501
2339,2458
2339,2434
2339,2425
2339,2379
2339,2367
2340,2501
2340,2494
2340,2490
2340,2442
2341,2654
2341,2635
2341,2563
2341,2507
2341,2495
2341,2491
2342,2592
2342,2571
2342,2567
2342,2533
2342,2509
2342,2419
2342,2358
2343,2654
2343,2627
2343,2619
2343,2531
2343,2510
2343,2460
2343,2453
2343,2451
2343,2424
2343,2390
2343,2356
2344,2646
2344,2625
2344,2597
2344,2430
2344,2370
2344,2368
2345,2641
2345,2590
2345,2549
2345,2543
2345,2478
2347,2553
2347,2417
2347,2353
2348,2642
2348,2540
2348,2536
2349,2644
2350,2652
2350,2442
2350,2438
2350,2419
2350,2408
2350,2368
2351,2625
2351,2438
2351,2390
2351,2352
2352,2646
2352,2643
2352,2613
2352,2581
2352,2531
2352,2509
2352,2461
2352,2434
2352,2419
2352,2386
2353,2652
2353,2623
2353,2619
2353,2549
2353,2449
2354,2620
2354,2567
2354,2555
2354,2364
2355,2617
2355,2469
2355,2401
2355,2376
2356,2584
2356,2515
2356,2472
2357,2585
2357,2531
2357,2438
2357,2379
2358,2631
2358,2609
2359,2580
2359,2572
2359,2556
2359,2465
2359,2415
2359,2408
2359,2384
2359,2383
2361,2637
2361,2593
2361,2526
2361,2458
2361,2431
2361,2384
2362,2611
2362,2586
2362,2522
2362,2510
2362,2484
2362,2482
2362,2472
2362,2462
2362,2450
2363,2658
2363,2640
2363,2519
2363,2447
2364,2654
2364,2608
2364,2433
2365,2501
2365,2465
2365,2463
2366,2521
2366,2434
2367,2587
2367,2554
2367,2540
2367,2533
2367,2473
2367,2460
2367,2403
2367,2392
2368,2619
2368,2601
2368,2512
2369,2476
2369,2473
2369,2438
2369,2436
2369,2391
2370,2653
2370,2581
2370,2558
2370,2468
2370,2372
2371,2602
2371,2482
2371,2434
2371,2412
2372,2660
2372,2646
2372,2605
2372,2585
2372,2446
2372,2386
2374,2531
2374,2478
2375,2614
2376,2623
2376,2518
2376,2480
2376,2473
2376,2450
2376,2399
2377,2632
2377,2609
2377,2604
2377,2539
2377,2501
2377,2432
2377,2417
2377,2408
2378,2655
2378,2620
2378,2521
2378,2467
2378,2461
2378,2401
2378,2385
2379,2615
2379,2567
2380,2475
2380,2474
2380,2397
2381,2629
2381,2404
2381,2383
2383,2588
2383,2551
2384,2561
2384,2545
2384,2520
2384,2425
2385,2598
2385,2590
2385,2567
2385,2558
2385,2501
2385,2461
2385,2419
2385,2410
2386,2582
2386,2471
2387,2613
2387,2600
2387,2512
2387,2492
2387,2451
2388,2544
2389,2587
2389,2586
2390,2572
2390,2536
2390,2523
2390,2445
2390,2403
2391,2555
2391,2474
2391,2446
2392,2655
2392,2594
2392,2576
2392,2449
2393,2604
2393,2585
2393,2520
2393,2476
2393,2462
2394,2615
2394,2602
2394,2576
2394,2558
2394,2426
2394,2423
2394,2419
2395,2631
2395,2591
2395,2502
2395,2484
2396,2651
2396,2589
2396,2505
2396,2446
2397,2471
2397,2467
2398,2624
2398,2600
2398,2561
2399,2655
2399,2607
2399,2588
2399,2578
2399,2432
2399,2429
2399,2410
2400,2594
2400,2546
2401,2589
2401,2537
2401,2484
2401,2419
2402,2598
2402,2556
2402,2540
2403,2656
2403,2605
2403,2474
2404,2598
2404,2538
2404,2521
2406,2636
2406,2584
2406,2581
2406,2433
2407,2460
2408,2589
2408,2524
2408,2469
2409,2496
2409,2484
2409,2475
2410,2531
2410,2508
2410,2480
2411,2509
2411,2461
2413,2649
2413,2581
2413,2575
2413,2532
2413,2510
2413,2507
2414,2652
2414,2622
2414,2518
2414,2434
2415,2463
2415,2451
2416,2590
2416,2587
2416,2464
2417,2592
2417,2501
2417,2495
2418,2640
2418,2609
2418,2582
2418,2469
2418,2420
2419,2612
2419,2502
2419,2492
2419,2490
2419,2433
2420,2640
2420,2554
2420,2539
2420,2516
2420,2448
2422,2581
2423,2459
2425,2644
2425,2630
2425,2572
2426,2501
2427,2609
2428,2606
2428,2556
2428,2473
2429,2591
2429,2501
2429,2451
2430,2629
2430,2606
2430,2598
2430,2567
2430,2556
2431,2534
2433,2635
2434,2623
2434,2609
2434,2579
2434,2573
2434,2555
2434,2482
2434,2477
2434,2440
2435,2571
2436,2615
2436,2542
2438,2616
2438,2589
2438,2573
2438,2572
2438,2507
2438,2489
2439,2581
2440,2641
2440,2625
2440,2623
2441,2584
2442,2458
2443,2604
2443,2586
2443,2524
2443,2448
2444,2572
2445,2591
2445,2582
2445,2550
2445,2530
2445,2482
2445,2469
2446,2592
2446,2519
2446,2490
2447,2522
2447,2511
2448,2580
2449,2624
2449,2581
2449,2494
2449,2482
2450,2581
2451,2623
2451,2568
2451,2561
2451,2554
2451,2542
2451,2523
2452,2659
2452,2537
2452,2463
2453,2612
2453,2502
2454,2642
2454,2602
2454,2544
2454,2537
2454,2474
2455,2543
2455,2497
2456,2614
2458,2607
2458,2504
2458,2469
2459,2627
2459,2498
2459,2477
2460,2563
2460,2545
2460,2536
2460,2463
2461,2586
2461,2568
2461,2561
2461,2519
2461,2489
2462,2530
2462,2484
2462,2468
2463,2557
2463,2521
2463,2489
2464,2609
2464,2572
2464,2496
2465,2641
2465,2624
2465,2602
2466,2630
2467,2598
2467,2536
2467,2500
2468,2638
2469,2616
2469,2612
2469,2554
2469,2532
2469,2529
2469,2521
2471,2591
2471,2580
2471,2566
2471,2493
2472,2659
2472,2657
2472,2616
2472,2611
2472,2606
2472,2512
2472,2508
2472,2476
2473,2655
2473,2643
2473,2616
2473,2538
2474,2594
2474,2539
2474,2524
2475,2653
2475,2601
2475,2589
2475,2545
2476,2601
2476,2582
2477,2623
2477,2615
2477,2555
2477,2545
2477,2489
2478,2532
2478,2496
2478,2485
2479,2635
2480,2563
2480,2510
2482,2642
2482,2632
2482,2576
2484,2617
2484,2606
2484,2600
2484,2598
2484,2566
2484,2522
2485,2606
2485,2526
2486,2654
2486,2489
2488,2559
2488,2498
2489,2610
2489,2594
2489,2592
2490,2638
2490,2532
2491,2609
2491,2571
2492,2643
2492,2522
2492,2512
2493,2598
2495,2576
2495,2555
2495,2512
2496,2622
2496,2616
2496,2608
2496,2597
2496,2546
2497,2561
2498,2593
2499,2592
2499,2547
2500,2642
2500,2616
2500,2524
2501,2638
2501,2601
2501,2600
2501,2583
2501,2554
2501,2503
2502,2635
2502,2598
2502,2567
2503,2641
2504,2628
2504,2582
2504,2518
2506,2588
2506,2563
2506,2552
2508,2591
2508,2587
2508,2551
2509,2657
2509,2619
2510,2622
2510,2581
2511,2585
2511,2551
2512,2647
2512,2591
2512,2551
2513,2536
2515,2575
2516,2640
2516,2625
2516,2597
2517,2642
2517,2560
2518,2625
2518,2606
2518,2588
2519,2613
2520,2657
2520,2582
2520,2557
2520,2538
2521,2649
2521,2537
2522,2575
2522,2551
2522,2534
2523,2628
2524,2592
2524,2567
2525,2635
2526,2538
2529,2649
2529,2636
2529,2547
2530,2631
2530,2549
2530,2546
2530,2533
2531,2629
2531,2542
2532,2649
2532,2623
2532,2582
2533,2603
2533,2566
2536,2654
2536,2578
2537,2648
2537,2644
2539,2646
2539,2616
2539,2563
2542,2657
2542,2606
2544,2603
2545,2615
2545,2547
2546,2635
2547,2598
2547,2567
2549,2643
2549,2638
2549,2554
2550,2608
2550,2584
2550,2576
2551,2655
2551,2625
2551,2583
2551,2579
2552,2594
2553,2616
2553,2609
2553,2577
2555,2648
2555,2625
2555,2607
2555,2605
2555,2561
2556,2567
2557,2624
2559,2598
2559,2582
2559,2573
2560,2653
2560,2617
2560,2594
2560,2591
2561,2600
2561,2563
2563,2636
2564,2659
2564,2599
2566,2637
2566,2635
2567,2637
2567,2578
2568,2601
2568,2600
2568,2590
2571,2642
2572,2601
2572,2590
2573,2591
2574,2578
2575,2659
2575,2640
2575,2603
2578,2591
2579,2643
2579,2598
2581,2597
2582,2640
2583,2635
2585,2599
2586,2652
2588,2632
2588,2628
2588,2623
2588,2618
2589,2657
2589,2607
2590,2603
2591,2604
2594,2642
2594,2638
2594,2600
2597,2606
2597,2600
2598,2628
2601,2621
2607,2642
2609,2645
2609,2623
2610,2615
2611,2646
2611,2612
2616,2643
2619,2646
2619,2641
2622,2625
2625,2650
2627,2659
2627,2635
2630,2649
2632,2640
2635,2638
2652,2654
2661,3337
2661,3326
2661,3281
2661,3050
2661,2686
2661,2677
2661,2675
2662,3391
2662,3368
2662,3359
2662,3182
2662,3159
2662,2901
2662,2892
2662,2768
2663,3392
2663,3172
2663,2931
2663,2929
2663,2810
2663,2750
2664,3238
2664,3085
2664,2821
2664,2759
2665,3379
2665,3171
2665,3041
2665,3036
2665,2964
2665,2790
2665,2737
2665,2687
2666,3342
2666,3303
2666,3293
2666,2974
2666,2969
2666,2945
2666,2943
2666,2911
2666,2809
2666,2763
2666,2748
2666,2741
2667,3133
2667,3118
2667,2989
2667,2923
2667,2771
2667,2739
2668,3415
2668,3286
2668,3267
2668,3146
2668,3100
2668,3097
2668,2976
2668,2905
2668,2750
2669,3243
2669,3152
2669,3076
2669,3051
2672,3164
2672,2904
2672,2871
2673,3302
2673,3214
2673,2925
2673,2815
2673,2759
2673,2719
2674,3261
2674,3209
2674,3012
2674,2999
2674,2870
2674,2784
2674,2758
2674,2701
2675,3409
2675,3353
2675,3201
2675,3093
2675,3002
2675,2951
2675,2894
2675,2825
2676,3163
2676,3026
2676,2987
2676,2942
2676,2931
2676,2853
2676,2756
2677,3374
2677,3298
2677,3236
2677,3219
2677,2781
2678,2941
2679,3253
2679,3215
2679,3010
2680,3388
2680,3253
2680,3184
2680,3158
2680,2827
2680,2787
2680,2751
2681,3390
2681,3302
2681,3209
2681,3092
2681,3076
2681,3000
2681,2966
2681,2936
2682,3404
2682,3342
2682,3287
2682,2901
2683,3299
2683,3153
2683,3073
2683,3045
2683,2815
2683,2803
2683,2798
2683,2706
2684,3351
2684,3328
2684,2962
2684,2785
2684,2778
2685,3404
2685,3154
2685,3002
2686,3316
2686,3260
2686,2951
2686,2859
2686,2784
2686,2780
2686,2730
2687,3116
2687,3098
2687,3082
2687,2875
2687,2853
2687,2848
2687,2806
2687,2771
2687,2753
2688,3344
2689,3317
2689,3293
2689,3084
2689,2929
2689,2919
2689,2761
2689,2755
2690,3421
2690,3320
2690,3168
2690,3107
2690,3017
2690,2997
2690,2868
2690,2771
2690,2770
2692,3412
2692,3274
2692,2727
2693,3379
2693,3375
2693,3360
2693,3326
2693,3179
2693,2751
2694,3403
2694,3399
2694,3329
2694,3292
2694,3166
2694,3097
2694,2953
2694,2906
2694,2851
2694,2710
2695,3317
2695,3304
2695,3004
2695,2960
2695,2913
2695,2887
2695,2800
2695,2761
2696,3366
2696,3329
2696,3100
2696,3046
2696,2845
2697,3360
2697,3168
2697,3120
2697,2951
2697,2728
2698,3340
2698,3330
2698,3124
2698,3095
2698,2955
2698,2851
2700,3273
2700,3154
2700,3041
2700,2973
2701,3292
2701,3145
2701,3021
2701,2839
2701,2772
2702,3272
2702,3169
2702,3103
2702,3102
2702,2990
2702,2942
2702,2915
2702,2730
2703,3275
2705,3399
2705,2769
2706,3179
2706,2983
2706,2726
2707,3328
2707,3168
2707,3079
2708,3379
2708,3221
2708,2846
2708,2793
2708,2744
2709,3350
2710,3228
2710,3098
2710,3000
2710,2899
2710,2800
2711,3409
2711,3337
2711,3335
2711,3242
2711,3017
2712,3253
2712,3233
2712,2968
2712,2923
2712,2915
2712,2897
2712,2765
2713,3375
2713,3374
2713,3330
2713,3258
2713,3190
2713,3041
2713,2862
2715,3419
2715,3402
2715,3051
2715,2973
2715,2968
2715,2801
2715,2724
2716,3378
2716,3376
2716,3358
2716,3315
2716,3297
2716,3239
2716,3228
2716,3162
2716,3087
2716,3022
2716,3005
2716,2894
2716,2784
2717,3364
2717,3087
2717,3014
2717,2891
2717,2862
2718,3328
2718,3320
2718,3319
2718,3280
2718,2781
2719,3357
2719,3307
2719,3295
2719,3198
2719,3177
2719,3091
2719,3016
2719,2880
2719,2779
2720,3360
2720,3313
2720,3255
2720,3249
2720,3194
2720,3034
2720,2875
2720,2829
2720,2816
2720,2765
2720,2738
2720,2723
2721,3274
2722,3374
2722,3201
2723,3079
2723,3035
2723,2778
2724,3434
2724,3288
2724,3276
2724,3267
2724,3198
2724,2751
2725,3403
2725,3150
2725,2840
2726,3215
2726,3062
2726,3041
2726,2777
2727,3403
2727,3295
2727,2973
2728,2787
2729,3431
2729,3357
2729,3294
2729,3056
2729,2867
2729,2741
2730,3425
2730,3323
2730,3281
2730,2973
2730,2831
2731,3265
2731,3142
2731,3042
2731,2912
2731,2835
2731,2746
2733,3374
2733,3355
2733,2932
2733,2841
2734,3176
2734,3100
2734,3070
2734,2829
2735,2946
2735,2918
2735,2795
2735,2758
2737,3342
2737,3112
2737,3077
2737,2914
2737,2829
2737,2758
2738,3406
2738,3321
2738,3065
2738,2909
2738,2868
2738,2806
2739,3406
2739,3381
2739,3356
2739,3192
2739,3184
2739,3151
2739,3079
2739,2957
2739,2905
2741,3123
2741,3059
2741,3025
2741,2935
2742,3424
2742,3279
2742,3123
2742,2984
2742,2810
2742,2755
2743,3274
2743,3140
2744,3075
2744,2816
2745,3257
2745,3195
2745,2944
2745,2777
2746,3384
2746,3324
2746,3302
2746,3232
2746,3163
2746,3149
2746,3084
2746,3022
2746,2862
2747,3247
2747,3170
2747,2939
2747,2888
2747,2840
2747,2823
2747,2781
2747,2751
2748,3233
2748,3210
2748,3079
2748,3067
2748,3043
2748,2866
2748,2802
2748,2779
2749,3387
2749,3296
2749,3054
2749,3013
2749,2924
2750,3362
2750,3360
2750,3342
2750,3000
2750,2987
2750,2822
2751,3286
2751,3194
2751,3070
2751,2974
2751,2867
2752,2943
2753,3367
2753,3347
2753,3346
2753,3155
2753,3148
2753,2964
2753,2841
2754,3386
2754,3265
2754,3042
2754,3041
2754,2924
2754,2917
2754,2851
2754,2773
2755,3315
2755,3312
2755,3029
2755,2989
2755,2819
2756,3347
2756,3051
2756,3023
2756,2905
2757,3430
2757,3355
2757,3339
2757,3202
2757,2789
2758,3289
2758,3210
2758,2947
2759,3428
2759,3350
2759,3139
2759,3089
2759,3065
2760,3396
2760,2966
2761,2905
2762,3431
2762,3341
2762,3263
2762,2858
2763,3304
2763,3293
2763,2946
2763,2911
2763,2873
2763,2850
2764,3378
2764,3338
2764,3192
2764,3068
2764,2973
2764,2955
2765,3369
2765,3320
2765,3205
2765,3189
2765,3185
2765,3182
2765,3160
2766,3237
2767,3309
2768,3356
2768,3327
2768,3292
2768,3224
2768,3199
2768,2795
2769,3104
2769,2944
2769,2866
2769,2799
2770,3397
2770,3393
2770,3355
2770,3292
2770,3082
2771,2894
2771,2787
2772,3373
2772,3258
2772,3198
2772,3193
2772,3146
2773,3117
2773,3085
2773,3065
2773,2891
2775,3353
2775,3152
2775,3017
2775,2936
2777,3227
2778,3386
2778,3353
2778,3315
2778,3295
2778,3171
2778,3001
2778,2978
2778,2905
2779,3434
2779,3337
2779,3115
2779,3094
2779,3082
2779,2976
2779,2793
2780,3381
2780,3160
2780,3120
2780,3060
2780,3046
2780,3000
2780,2995
2780,2988
2780,2973
2780,2910
2780,2904
2780,2876
2780,2843
2780,2828
2780,2823
2781,3421
2781,3385
2781,3275
2781,3263
2781,3255
2781,3156
2781,2895
2781,2865
2782,3307
2782,3098
2782,2983
2782,2948
2782,2907
2782,2880
2783,3378
2783,3254
2783,3249
2783,3215
2783,3111
2783,3050
2783,2904
2784,3312
2784,3249
2784,3215
2784,3201
2785,3411
2785,3328
2785,3239
2785,3140
2785,3088
2785,3017
2785,2934
2786,2987
2786,2974
2786,2887
2787,3258
2787,3215
2787,3196
2787,3182
2787,3156
2787,3092
2787,3078
2787,3043
2787,3019
2787,2867
2787,2824
2787,2820
2788,2861
2789,3394
2789,3228
2789,2880
2789,2867
2790,3409
2790,3263
2790,3120
2790,3089
2790,2990
2790,2858
2790,2833
2791,3287
2791,3150
2793,3368
2793,3193
2793,3172
2793,3110
2793,3034
2793,2968
2793,2927
2794,3090
2794,3080
2795,3359
2795,3320
2795,3298
2795,3275
2795,3260
2795,3094
2795,3038
2795,2846
2796,3379
2796,3286
2796,3115
2796,3048
2796,2883
2796,2816
2797,3434
2797,3431
2797,3225
2797,3171
2797,3157
2797,3115
2797,2996
2799,3131
2800,3339
2800,3336
2800,2993
2800,2981
2800,2852
2801,3279
2802,3396
2802,3369
2802,3359
2802,3258
2802,3069
2802,2973
2802,2859
2803,3355
2803,3342
2803,3224
2803,3172
2803,3160
2803,3113
2803,3099
2803,3043
2803,2984
2804,3353
2804,3199
2804,2951
2805,3363
2805,3136
2805,2880
2806,3433
2806,3362
2806,2985
2806,2907
2806,2821
2807,3078
2809,3426
2809,3137
2809,3114
2809,3052
2809,2963
2809,2877
2809,2839
2810,3413
2810,3373
2810,3347
2810,3143
2810,3108
2810,2953
2810,2858
2811,3434
2811,3247
2811,3241
2811,3223
2811,3049
2812,3194
2812,3080
2812,2870
2813,3378
2813,3233
2815,3386
2815,3193
2815,3025
2815,2869
2816,3347
2816,3201
2816,3138
2816,3097
2816,2828
2818,3395
2818,3351
2818,3069
2818,2975
2818,2962
2818,2955
2818,2916
2818,2868
2819,3113
2819,2966
2819,2881
2819,2840
2820,3128
2821,3250
2821,2940
2821,2920
2822,3411
2822,3244
2822,2923
2823,3198
2823,3021
2823,2965
2823,2938
2823,2853
2823,2830
2824,3246
2824,3082
2824,3033
2824,2994
2825,3187
2825,2957
2825,2923
2825,2895
2825,2849
2826,3421
2826,3164
2826,3035
2826,2869
2827,3355
2827,3342
2827,3129
2827,2884
2828,3302
2828,3258
2828,3032
2829,3244
2829,2904
2829,2901
2829,2883
2830,3331
2830,3307
2830,3212
2830,3204
2830,3097
2830,3087
2830,2914
2830,2876
2831,3206
2831,3148
2831,3027
2831,2881
2832,3340
2832,3289
2832,3133
2832,3024
2833,3373
2833,3109
2833,3077
2833,2950
2833,2938
2833,2877
2835,3163
2835,3098
2835,2915
2835,2905
2836,3410
2836,3409
2836,3397
2836,3353
2836,3197
2836,3150
2836,3106
2836,3061
2836,2848
2836,2846
2837,3229
2837,3092
2837,2928
2837,2890
2837,2851
2837,2839
2839,3416
2839,3403
2839,3257
2839,3185
2839,3020
2840,3313
2840,3191
2840,3009
2841,3215
2841,3096
2841,3026
2841,3022
2841,2877
2841,2875
2843,3346
2843,3323
2843,3097
2843,3016
2843,2934
2844,3397
2844,3350
2844,3320
2844,3174
2844,2973
2845,3219
2845,3115
2845,3106
2845,3072
2845,3043
2845,2938
2846,3332
2846,3316
2846,3267
2846,3226
2846,3117
2846,2875
2847,3350
2847,3287
2847,3101
2847,2941
2847,2918
2848,3089
2849,3422
2849,3365
2849,3355
2849,3343
2849,3261
2849,3233
2849,3219
2849,3172
2849,3124
2849,3108
2849,3039
2849,2895
2850,3421
2850,3303
2850,3092
2850,3078
2850,3064
2851,3166
2851,3104
2852,3129
2852,2985
2853,3410
2853,3375
2853,3270
2853,3246
2853,3154
2853,3104
2854,3417
2854,3030
2854,2919
2855,3381
2855,3307
2855,3009
2858,3403
2858,3361
2858,3201
2858,3192
2858,3086
2858,2934
2859,3179
2859,3161
2859,3116
2859,3079
2860,3102
2861,3105
2862,3114
2863,3363
2863,3356
2863,3273
2863,3250
2863,3240
2863,3148
2863,3027
2863,3007
2863,2956
2864,3084
2864,3049
2864,3046
2864,2914
2864,2883
2864,2872
2865,3221
2865,3198
2865,3192
2865,3154
2865,3046
2865,3002
2865,2869
2866,3433
2866,3296
2866,3135
2866,3038
2866,3010
2866,2931
2867,3259
2867,3157
2867,3047
2867,2912
2868,3384
2868,3226
2868,3029
2868,2900
2869,3415
2869,3385
2869,3379
2869,3356
2869,3295
2869,3247
2869,3235
2869,3151
2869,3110
2869,3102
2869,3034
2869,2896
2870,3386
2870,3041
2870,2941
2870,2935
2871,3178
2871,3157
2872,3392
2872,3253
2872,3224
2872,3049
2874,3263
2874,3220
2874,3215
2874,3114
2874,3038
2874,3026
2875,3331
2875,3319
2875,3291
2875,3256
2875,3215
2875,3201
2875,3104
2875,3072
2875,3061
2875,3035
2875,2968
2875,2950
2875,2880
2876,3172
2876,3140
2876,3101
2876,3094
2876,3086
2876,2973
2877,3228
2878,3264
2878,3206
2878,2989
2878,2954
2880,3416
2880,3400
2880,3364
2880,3321
2880,3316
2880,3139
2880,3097
2880,3082
2880,3025
2881,3289
2881,3253
2881,3207
2881,3182
2881,3102
2881,3046
2881,3010
2883,3140
2883,3034
2883,2991
2883,2904
2884,3362
2884,3041
2884,2994
2886,3424
2887,3387
2887,3123
2887,3022
2887,2966
2887,2929
2888,3346
2888,3253
2888,3174
2888,2981
2889,3035
2890,3399
2890,3228
2890,3065
2890,2981
2890,2966
2890,2940
2891,3394
2891,3384
2891,3123
2891,3078
2891,3036
2892,3148
2892,3017
2894,3337
2894,3313
2894,3291
2894,3167
2894,3151
2894,3106
2894,3089
2894,3020
2894,2995
2894,2928
2895,3035
2895,3006
2895,2965
2895,2914
2896,3119
2896,3104
2896,3051
2896,3042
2896,3012
2896,2993
2897,3301
2897,3259
2897,3150
2897,3135
2897,3124
2897,3020
2897,2956
2897,2907
2898,3161
2898,3150
2899,3137
2899,2913
2900,3380
2901,3241
2901,3144
2901,2979
2904,3287
2904,3222
2904,3182
2904,3173
2904,3021
2904,3006
2904,2939
2905,2977
2905,2942
2905,2917
2906,3399
2906,3123
2906,3044
2907,3426
2907,3390
2907,3269
2907,3236
2907,3089
2907,2960
2908,3226
2908,3054
2909,3351
2909,3237
2909,3080
2909,3041
2909,3030
2909,2981
2909,2956
2909,2931
2909,2917
2910,3341
2910,3198
2910,3135
2911,3303
2911,3236
2912,3038
2913,3280
2913,3166
2913,3065
2913,3056
2913,3049
2914,3415
2914,3376
2914,3259
2914,3192
2914,3060
2914,2931
2915,3360
2915,3123
2915,3106
2915,2993
2916,3238
2916,3042
2916,3026
2917,3414
2917,3363
2918,3332
2918,3289
2918,3185
2918,3152
2918,3094
2918,3005
2919,3433
2919,3364
2919,3329
2919,3303
2919,3250
2919,3237
2919,3123
2919,3000
2919,2958
2920,3293
2920,3269
2920,3158
2920,3119
2920,3049
2921,3366
2921,3344
2921,3323
2921,3280
2921,3150
2921,3102
2921,2991
2921,2939
2923,3299
2923,3196
2923,3102
2924,3387
2924,3238
2924,3046
2924,3026
2924,2961
2925,3097
2925,3026
2925,2988
2927,3412
2927,3375
2927,3308
2927,3226
2927,3195
2928,2953
2929,3399
2929,3390
2929,3238
2929,3195
2929,3135
2929,3078
2931,3346
2931,3301
2931,3298
2931,3284
2931,3269
2931,3236
2931,2946
2932,3380
2932,3349
2932,3328
2932,3261
2932,3203
2932,3039
2934,3357
2934,3355
2934,3264
2934,3136
2934,3086
2934,3046
2935,3219
2935,3169
2935,3023
2936,3263
2936,3256
2936,3208
2936,3062
2936,3041
2937,3371
2937,3241
2937,3199
2937,3024
2938,3342
2938,3321
2939,3353
2939,3261
2939,3041
2939,2999
2939,2996
2940,3393
2940,3384
2940,3300
2940,3269
2940,2996
2940,2994
2941,3265
2941,3197
2941,3066
2941,3028
2942,3259
2942,3212
2942,3058
2943,3346
2943,3326
2943,3151
2943,3119
2943,3117
2943,2989
2944,3185
2944,3106
2945,3399
2945,3347
2945,3345
2946,3384
2946,3347
2946,3288
2946,3248
2946,3237
2946,3160
2946,3096
2946,3090
2946,3089
2946,3036
2947,3353
2947,3016
2948,3435
2948,3339
2948,3247
2948,3060
2950,3367
2950,3344
2950,3323
2950,3276
2950,3274
2950,3061
2950,3049
2950,2989
2951,3416
2951,3320
2951,3276
2951,3205
2951,3021
2951,2995
2953,3220
2953,3174
2953,3117
2953,2974
2954,3416
2954,3222
2954,3210
2954,3089
2955,3433
2955,3319
2955,3287
2955,3061
2955,3015
2956,3414
2956,3149
2956,2961
2957,3285
2957,3186
2957,3177
2958,3362
2958,3351
2958,3102
2958,3018
2960,3360
2960,3196
2960,2967
2961,3417
2961,3394
2961,3302
2961,3054
2961,3052
2961,3022
2963,3433
2963,3090
2963,3047
2963,3000
2963,2986
2964,3262
2964,3223
2964,3185
2964,3113
2964,2989
2965,3132
2966,3392
2966,3345
2966,3130
2967,3384
2968,3332
2968,3205
2968,3066
2968,2973
2969,3385
2969,3342
2969,3232
2970,3377
2970,3365
2970,3359
2970,3285
2970,3041
2973,3273
2973,3214
2973,3203
2973,3185
2973,3110
2973,3001
2974,3243
2974,3166
2974,3094
2974,3064
2974,3010
2976,3361
2976,3346
2976,3288
2976,3281
2976,3214
2976,3178
2976,3162
2976,3075
2976,3007
2977,3414
2977,3365
2977,3213
2977,2986
2977,2985
2979,3296
2979,3206
2980,3411
2981,2988
2983,3275
2984,3264
2984,3106
2984,3087
2984,3072
2985,3004
2986,3163
2987,3417
2987,3363
2988,3296
2988,3149
2988,3139
2988,3064
2989,3350
2989,3261
2989,3167
2989,3113
2989,3110
2989,3021
2990,3255
2990,3140
2991,3335
2991,3332
2991,3263
2991,3086
2992,3242
2992,3241
2992,3210
2992,3175
2992,3162
2992,3133
2992,3097
2993,3174
2993,3168
2993,3117
2993,3073
2994,3352
2994,3232
2995,3100
2995,3086
2995,3070
2995,3046
2995,3002
2996,3379
2996,3375
2996,3185
2996,3115
2996,3107
2996,3062
2996,3015
2997,3267
2998,3118
2999,3393
2999,3276
2999,3259
2999,3204
2999,3097
2999,3032
3000,3195
3000,3017
3001,3427
3001,3370
3001,3241
3001,3235
3001,3069
3002,3327
3002,3188
3002,3132
3004,3274
3004,3231
3004,3124
3004,3098
3004,3040
3005,3422
3005,3416
3005,3375
3005,3335
3005,3250
3005,3233
3005,3120
3005,3032
3007,3425
3007,3120
3009,3381
3009,3363
3009,3342
3009,3168
3009,3140
3009,3100
3010,3294
3010,3261
3010,3226
3011,3422
3011,3253
3011,3207
3013,3373
3013,3214
3013,3136
3013,3106
3013,3032
3014,3426
3015,3404
3015,3355
3015,3299
3015,3188
3015,3058
3015,3027
3016,3275
3016,3088
3016,3072
3016,3039
3016,3018
3017,3219
3018,3381
3018,3355
3018,3164
3019,3406
3019,3347
3019,3335
3019,3320
3019,3256
3019,3152
3019,3140
3020,3379
3020,3332
3020,3206
3020,3189
3020,3048
3021,3349
3021,3275
3021,3240
3023,3333
3023,3269
3023,3243
3023,3085
3023,3065
3024,3377
3024,3219
3024,3201
3024,3178
3025,3202
3025,3078
3026,3250
3026,3029
3027,3373
3027,3295
3027,3248
3027,3203
3027,3093
3027,3070
3027,3046
3027,3033
3028,3162
3028,3101
3028,3087
3029,3098
3032,3427
3032,3404
3032,3161
3032,3104
3033,3430
3033,3386
3033,3102
3034,3377
3034,3145
3034,3057
3035,3264
3035,3228
3035,3203
3035,3190
3035,3110
3036,3392
3036,3194
3038,3393
3038,3214
3038,3206
3038,3165
3038,3109
3038,3040
3039,3331
3039,3242
3039,3179
3040,3206
3040,3072
3041,3397
3041,3263
3041,3198
3041,3145
3041,3115
3041,3054
3042,3387
3043,3136
3043,3090
3044,3426
3044,3096
3046,3307
3046,3288
3046,3277
3046,3265
3046,3108
3047,3193
3048,3329
3048,3279
3048,3224
3048,3214
3048,3207
3049,3412
3049,3339
3051,3341
3051,3328
3051,3279
3051,3096
3052,3433
3052,3360
3052,3114
3052,3096
3054,3304
3054,3238
3056,3394
3056,3237
3056,3064
3057,3418
3057,3116
3058,3328
3058,3064
3060,3288
3060,3277
3060,3250
3061,3199
3061,3186
3061,3164
3062,3421
3062,3197
3063,3263
3063,3151
3063,3101
3064,3435
3064,3315
3064,3089
3065,3435
3065,3348
3065,3253
3065,3160
3066,3419
3066,3140
3068,3313
3068,3106
3069,3419
3069,3240
3069,3201
3070,3299
3070,3261
3070,3246
3072,3411
3072,3380
3072,3327
3072,3295
3072,3273
3072,3215
3073,3094
3075,3256
3075,3214
3076,3421
3076,3255
3076,3078
3077,3341
3077,3298
3077,3296
3077,3287
3077,3219
3078,3333
3078,3080
3079,3369
3079,3274
3079,3132
3079,3088
3080,3339
3080,3274
3081,3358
3081,3223
3081,3211
3082,3370
3082,3369
3082,3340
3082,3151
3082,3124
3083,3412
3083,3256
3084,3436
3084,3394
3085,3158
3086,3395
3086,3252
3086,3210
3086,3194
3087,3258
3087,3210
3088,3316
3088,3194
3088,3172
3089,3296
3089,3128
3090,3431
3090,3166
3090,3106
3091,3132
3091,3124
3093,3347
3093,3307
3093,3116
3094,3366
3094,3108
3095,3302
3096,3364
3096,3201
3097,3410
3097,3386
3097,3284
3097,3272
3097,3259
3097,3140
3098,3430
3098,3350
3098,3324
3098,3174
3099,3409
3100,3258
3101,3422
3101,3405
3101,3358
3101,3256
3101,3208
3102,3289
3102,3172
3103,3380
3103,3344
3103,3209
3104,3297
3104,3163
3104,3129
3104,3108
3105,3220
3105,3174
3106,3410
3106,3381
3106,3260
3106,3237
3106,3209
3106,3206
3106,3178
3106,3150
3107,3365
3107,3306
3107,3266
3109,3391
3109,3352
3109,3319
3109,3277
3109,3168
3110,3288
3110,3135
3110,3116
3111,3308
3112,3415
3112,3411
3112,3396
3112,3292
3113,3345
3113,3337
3113,3313
3113,3288
3113,3178
3113,3177
3114,3286
3114,3269
3114,3257
3115,3379
3115,3369
3115,3358
3115,3299
3115,3260
3115,3244
3115,3191
3116,3264
3116,3210
3116,3173
3117,3409
3117,3368
3117,3345
3117,3199
3118,3419
3119,3345
3120,3302
3120,3263
3123,3269
3125,3371
3125,3356
3129,3394
3130,3232
3132,3307
3132,3209
3133,3198
3135,3426
3135,3400
3136,3307
3136,3241
3136,3190
3137,3384
3137,3142
3138,3431
3138,3378
3138,3353
3138,3258
3140,3410
3140,3396
3140,3369
3140,3366
3140,3256
3140,3224
3142,3435
3142,3390
3142,3173
3143,3286
3144,3361
3144,3337
3144,3259
3145,3418
3145,3273
3145,3248
3146,3293
3146,3225
3146,3151
3148,3359
3148,3355
3148,3351
3148,3197
3148,3188
3150,3366
3150,3327
3150,3326
3150,3307
3150,3270
3150,3241
3150,3236
3150,3209
3150,3197
3150,3196
3151,3212
3152,3431
3152,3212
3154,3341
3155,3288
3156,3340
3156,3259
3157,3375
3157,3177
3160,3340
3160,3274
3160,3267
3160,3239
3160,3222
3160,3213
3161,3217
3161,3212
3161,3206
3161,3194
3162,3371
3162,3353
3162,3323
3163,3263
3164,3353
3164,3289
3164,3287
3165,3273
3166,3430
3166,3331
3166,3241
3168,3433
3168,3280
3168,3258
3168,3211
3169,3334
3170,3379
3170,3182
3171,3420
3171,3313
3171,3179
3173,3425
3173,3316
3173,3249
3174,3400
3174,3392
3174,3317
3174,3234
3175,3411
3175,3360
3175,3321
3177,3370
3177,3344
3177,3261
3177,3194
3177,3191
3178,3418
3178,3366
3178,3344
3179,3362
3179,3355
3179,3291
3179,3255
3179,3224
3182,3402
3182,3360
3182,3252
3185,3406
3185,3291
3185,3187
3186,3367
3186,3366
3186,3243
3187,3419
3187,3400
3187,3356
3187,3353
3188,3366
3188,3267
3188,3242
3189,3379
3189,3192
3190,3377
3190,3366
3190,3274
3190,3201
3191,3422
3191,3346
3193,3248
3193,3195
3194,3272
3194,3223
3195,3343
3196,3431
3196,3377
3196,3337
3196,3310
3196,3273
3196,3214
3196,3212
3197,3411
3197,3296
3197,3214
3198,3319
3198,3241
3198,3209
3199,3422
3199,3319
3199,3272
3199,3236
3201,3287
3201,3274
3201,3225
3203,3360
3203,3225
3204,3330
3204,3263
3204,3246
3206,3433
3206,3393
3206,3270
3206,3255
3206,3236
3208,3338
3209,3391
3209,3367
3209,3344
3210,3419
3210,3279
3211,3369
3212,3411
3212,3364
3213,3348
3213,3250
3214,3265
3215,3422
3215,3319
3215,3279
3215,3252
3215,3242
3217,3358
3220,3284
3221,3344
3221,3321
3221,3299
3221,3244
3222,3421
3222,3240
3223,3272
3224,3331
3224,3312
3225,3364
3225,3267
3225,3260
3226,3364
3226,3279
3227,3394
3231,3348
3231,3237
3232,3350
3234,3387
3234,3384
3235,3393
3235,3255
3236,3360
3236,3350
3236,3303
3236,3240
3237,3307
3237,3238
3238,3414
3238,3284
3239,3285
3241,3244
3242,3331
3242,3319
3243,3362
3244,3337
3246,3276
3247,3404
3247,3357
3247,3288
3248,3422
3248,3328
3250,3426
3252,3393
3252,3332
3252,3328
3252,3287
3252,3256
3252,3253
3253,3301
3254,3396
3255,3415
3255,3410
3255,3347
3256,3366
3256,3353
3256,3347
3256,3262
3257,3363
3257,3299
3258,3345
3258,3287
3259,3351
3259,3265
3260,3291
3261,3381
3261,3319
3261,3295
3262,3420
3262,3277
3263,3404
3263,3377
3263,3310
3264,3371
3264,3350
3264,3345
3264,3344
3264,3335
3264,3266
3264,3265
3265,3332
3267,3313
3270,3278
3272,3385
3272,3298
3273,3421
3273,3353
3273,3291
3274,3403
3274,3376
3274,3334
3274,3288
3276,3434
3276,3296
3277,3404
3277,3380
3277,3366
3277,3329
3279,3349
3279,3302
3280,3403
3280,3321
3281,3385
3287,3380
3287,3307
3287,3306
3288,3371
3288,3351
3289,3411
3289,3373
3291,3373
3291,3369
3292,3307
3296,3365
3296,3299
3297,3396
3298,3434
3298,3366
3301,3397
3301,3362
3301,3348
3302,3344
3304,3426
3304,3329
3306,3403
3306,3320
3307,3421
3307,3330
3308,3347
3308,3327
3312,3335
3313,3337
3313,3331
3316,3362
3319,3434
3319,3398
3319,3327
3320,3411
3320,3393
3320,3368
3320,3342
3321,3427
3326,3425
3330,3376
3332,3351
3334,3434
3335,3427
3337,3342
3340,3434
3341,3344
3342,3396
3345,3395
3345,3359
3347,3384
3348,3394
3350,3368
3350,3367
3353,3410
3356,3434
3356,3422
3357,3380
3358,3381
3360,3422
3364,3379
3369,3424
3377,3386
3377,3379
3379,3395
3383,3421
3384,3432
3385,3425
3388,3430
3391,3404
3395,3424
3403,3434
3409,3411
3440,3908
3440,3860
3440,3795
3440,3756
3440,3683
3440,3640
3440,3480
3442,3719
3443,3951
3443,3458
3446,3682
3448,3970
3448,3929
3449,3926
3449,3744
3450,3934
3450,3639
3450,3503
3450,3488
3452,3780
3455,3721
3455,3687
3455,3609
3456,3934
3456,3919
3456,3755
3456,3712
3456,3670
3456,3605
3456,3527
3457,3605
3458,3870
3458,3768
3459,3510
3460,3861
3460,3781
3460,3770
3460,3706
3460,3631
3461,3926
3461,3497
3462,3779
3462,3717
3462,3674
3462,3605
3462,3521
3462,3518
3463,3754
3463,3527
3464,3893
3464,3507
3465,3915
3466,3909
3466,3826
3466,3803
3466,3788
3466,3474
3467,3586
3468,3969
3468,3643
3469,3870
3469,3671
3471,3842
3471,3698
3471,3501
3472,3608
3472,3516
3474,3737
3474,3601
3474,3486
3475,3962
3475,3698
3478,3735
3479,3573
3480,3563
3481,3560
3481,3488
3482,3599
3482,3577
3482,3503
3483,3969
3483,3486
3484,3654
3484,3559
3485,3703
3485,3697
3485,3563
3486,3810
3486,3499
3488,3962
3488,3788
3488,3780
3488,3577
3488,3567
3491,3940
3491,3804
3492,3561
3492,3543
3493,3738
3493,3643
3493,3572
3494,3777
3495,3883
3495,3852
3495,3604
3497,3861
3499,3900
3499,3818
3499,3620
3499,3509
3501,3683
3501,3540
3502,3880
3502,3790
3503,3775
3503,3756
3503,3686
3505,3933
3505,3873
3505,3831
3505,3740
3505,3633
3507,3924
3507,3829
3507,3602
3508,3948
3508,3944
3508,3930
3509,3945
3509,3568
3510,3951
3511,3869
3511,3826
3511,3792
3512,3944
3512,3913
3512,3780
3512,3756
3514,3734
3514,3722
3514,3618
3515,3956
3515,3572
3515,3530
3518,3603
3518,3577
3519,3910
3520,3851
3520,3828
3520,3762
3523,3692
3524,3956
3524,3951
3525,3916
3525,3542
3527,3934
3527,3847
3527,3563
3528,3651
3528,3623
3529,3855
3529,3535
3530,3851
3532,3860
3532,3583
3533,3712
3534,3914
3534,3591
3535,3956
3535,3898
3537,3875
3539,3569
3542,3934
3542,3874
3542,3684
3542,3627
3543,3765
3543,3621
3545,3934
3545,3562
3547,3918
3547,3660
3548,3891
3550,3830
3551,3656
3552,3943
3553,3881
3553,3810
3553,3715
3554,3617
3555,3978
3555,3913
3555,3635
3555,3568
3556,3926
3556,3790
3556,3713
3557,3913
3557,3656
3558,3941
3558,3890
3559,3672
3560,3640
3561,3722
3561,3692
3561,3620
3562,3852
3562,3838
3562,3677
3563,3831
3564,3629
3565,3703
3565,3568
3568,3933
3568,3738
3568,3731
3568,3674
3569,3771
3569,3583
3571,3821
3572,3802
3572,3690
3572,3634
3573,3921
3573,3884
3573,3845
3573,3667
3573,3628
3574,3931
3574,3852
3574,3691
3576,3914
3576,3911
3576,3864
3576,3817
3577,3919
3577,3915
3578,3866
3583,3630
3586,3966
3586,3842
3586,3605
3586,3603
3590,3839
3590,3702
3591,3895
3591,3770
3593,3781
3593,3770
3594,3744
3594,3717
3596,3883
3596,3615
3596,3610
3599,3924
3600,3851
3600,3738
3601,3686
3601,3684
3604,3877
3604,3873
3604,3782
3605,3772
3608,3933
3609,3813
3609,3795
3609,3736
3610,3929
3610,3665
3612,3706
3613,3702
3615,3967
3615,3911
3615,3686
3617,3764
3617,3703
3617,3668
3621,3971
3621,3731
3622,3718
3624,3939
3625,3918
3626,3877
3630,3942
3633,3979
3633,3642
3634,3947
3634,3794
3635,3858
3636,3759
3637,3824
3639,3948
3640,3869
3641,3865
3642,3926
3643,3823
3644,3948
3644,3921
3644,3787
3648,3937
3648,3855
3648,3825
3648,3724
3651,3914
3651,3847
3651,3838
3656,3950
3658,3832
3659,3872
3661,3830
3663,3759
3664,3722
3665,3738
3666,3753
3667,3891
3669,3927
3670,3971
3671,3976
3672,3948
3672,3858
3674,3707
3674,3683
3677,3915
3677,3795
3677,3778
3677,3760
3677,3732
3677,3715
3677,3703
3679,3727
3680,3707
3681,3926
3681,3839
3683,3795
3684,3804
3684,3730
3687,3978
3689,3861
3692,3970
3692,3930
3693,3797
3695,3800
3695,3741
3696,3850
3697,3805
3697,3762
3699,3918
3700,3841
3702,3962
3702,3944
3702,3889
3702,3765
3703,3869
3703,3800
3705,3944
3707,3860
3710,3850
3711,3947
3711,3782
3712,3930
3712,3886
3717,3930
3718,3761
3719,3829
3721,3832
3721,3831
3721,3822
3722,3826
3722,3797
3722,3769
3724,3929
3724,3927
3726,3767
3727,3922
3728,3776
3731,3930
3731,3841
3731,3755
3732,3790
3734,3762
3734,3755
3735,3890
3735,3830
3735,3827
3736,3804
3736,3795
3736,3790
3737,3889
3737,3760
3738,3924
3738,3869
3739,3857
3740,3906
3747,3950
3750,3838
3752,3768
3754,3947
3754,3924
3754,3909
3755,3966
3757,3826
3758,3843
3760,3915
3762,3914
3762,3858
3762,3805
3763,3947
3764,3956
3764,3947
3767,3810
3768,3900
3769,3850
3772,3828
3773,3918
3779,3839
3780,3948
3780,3938
3780,3883
3784,3929
3786,3927
3788,3959
3788,3839
3788,3830
3788,3797
3794,3867
3795,3902
3795,3873
3796,3838
3797,3822
3800,3891
3810,3915
3813,3851
3815,3832
3817,3943
3817,3873
3818,3943
3821,3951
3825,3841
3827,3964
3830,3909
3832,3968
3832,3940
3832,3850
3835,3941
3840,3962
3842,3883
3843,3915
3845,3943
3845,3934
3848,3932
3851,3919
3852,3872
3864,3883
3873,3979
3893,3903
3902,3948
3903,3931
3909,3955
3911,3918
3915,3976
3918,3952
3927,3950
3931,3973
3992,4026
4014,4031
user 6,friend 6
0,1617
0,1025
1,303
2,17
3,277
3,197
3,176
5,303
7,272
7,142
9,331
9,87
9,27
10,224
13,322
13,194
13,176
16,284
16,92
17,151
17,149
17,32
19,296
21,261
21,187
22,345
22,322
22,129
22,113
24,236
25,314
25,308
25,258
26,217
27,323
29,223
29,133
30,128
30,69
31,246
31,199
31,196
31,113
31,57
34,1313
34,408
36,345
39,298
39,224
39,213
39,134
39,102
39,84
39,60
40,204
40,92
40,82
45,136
45,83
48,331
48,248
50,345
51,277
53,281
53,252
53,141
54,342
54,304
55,313
55,274
55,169
55,158
55,85
56,251
56,105
57,208
57,178
58,334
58,150
59,269
60,284
60,236
63,276
63,239
63,121
64,223
65,324
65,232
65,188
65,146
66,276
66,109
66,72
67,347
67,260
67,105
69,332
69,315
72,347
72,105
73,322
75,176
76,311
77,170
77,150
79,290
79,251
79,104
82,302
82,270
82,217
84,342
84,169
84,98
85,341
85,213
85,128
85,98
87,285
87,103
88,132
92,188
94,318
94,252
94,228
94,127
96,170
98,133
101,320
104,265
105,106
106,185
107,3321
107,3279
107,3239
107,2616
107,2561
107,2461
107,2289
107,2179
107,2112
107,2042
107,2032
107,1983
107,567
108,329
109,224
109,194
113,185
118,290
118,280
118,223
118,146
118,119
121,130
122,283
122,189
122,126
123,199
123,188
124,290
125,271
125,141
128,299
129,340
132,213
133,329
134,329
134,161
136,2646
136,2642
136,2584
136,2391
136,2271
136,2240
136,2198
136,2104
136,2061
136,1979
136,1272
136,1195
138,226
141,344
142,176
146,346
146,338
150,294
150,276
151,337
156,317
158,231
158,203
161,315
161,313
161,191
165,314
165,298
168,285
169,341
169,316
169,302
171,1545
171,1375
171,1134
171,1085
172,270
172,194
173,630
174,175
176,281
178,276
184,277
185,324
187,324
189,221
191,252
196,323
200,237
202,308
204,260
207,338
207,303
211,232
216,337
222,338
222,283
222,276
223,318
223,280
223,272
227,334
231,311
231,281
232,299
236,260
246,303
246,257
248,281
250,276
251,252
252,347
254,320
260,261
270,294
271,299
272,339
272,317
272,294
276,341
277,347
280,334
280,303
283,338
285,324
290,329
290,308
295,334
300,329
302,329
303,344
303,330
314,345
315,347
315,342
318,341
318,331
324,339
325,341
326,333
329,345
348,1844
348,1818
348,1722
348,1692
348,1688
348,1598
348,1489
348,1488
348,1367
348,1336
348,1282
348,1275
348,991
348,962
349,405
350,671
350,431
350,428
350,382
350,378
351,476
352,1804
352,1744
352,1730
352,1698
352,1583
352,1547
352,1377
352,1296
352,1282
352,1122
352,1079
352,915
352,510
352,374
353,1852
353,1695
353,1659
353,1631
353,1619
353,1590
353,1532
353,1223
353,1209
353,1204
353,1160
353,1141
353,1036
353,1028
353,978
353,917
353,905
353,680
353,610
353,591
353,532
353,521
353,479
353,444
353,437
353,433
354,671
354,451
354,423
355,1692
355,1313
355,1059
355,678
355,545
357,1907
357,1106
357,515
357,493
357,436
357,427
359,1694
359,1400
359,529
359,517
359,477
359,374
359,366
360,1628
360,1025
360,609
360,597
360,512
360,420
361,645
361,548
361,394
361,382
362,503
362,451
362,414
363,1598
363,1412
363,1299
363,1182
363,1142
363,1110
363,1075
363,1028
363,986
363,897
363,654
363,536
363,533
363,513
363,496
363,413
363,408
363,403
363,392
365,547
366,1856
366,1807
366,1793
366,1707
366,1561
366,1483
366,1436
366,1361
366,1221
366,1215
366,1159
366,1149
366,1063
366,1020
366,933
366,927
366,903
366,593
366,565
366,549
366,540
366,507
366,488
367,1816
367,1790
367,1512
367,1425
367,1397
367,1375
367,1269
367,962
367,592
367,520
367,506
367,431
367,430
368,1804
368,1447
368,1367
368,491
368,458
368,446
369,1753
369,1536
369,1487
369,591
369,440
369,370
370,1625
370,1616
370,1217
370,919
370,619
370,533
370,375
372,1610
372,678
372,676
372,671
372,415
373,1732
373,1694
373,1660
373,1647
373,1547
373,1508
373,1413
373,1305
373,1303
373,1275
373,1086
373,913
373,575
374,1605
374,1397
374,1324
374,519
374,505
374,490
374,481
374,428
374,396
375,1358
375,1049
375,548
375,396
376,1573
376,1569
376,1380
376,1369
376,1341
376,1280
376,1222
376,1192
376,1075
376,1048
376,1021
376,571
378,1867
378,1740
378,1677
378,1584
378,1487
378,1399
378,1281
378,1107
378,1056
378,1052
378,1042
378,1032
378,1026
378,494
381,1479
382,493
382,460
382,433
383,428
385,1680
385,1663
385,1281
385,1113
385,1086
385,1035
385,683
385,527
385,428
387,652
387,560
387,516
387,497
387,496
387,494
387,457
387,456
388,1720
388,1645
388,1606
388,1549
388,1357
388,1324
388,587
388,482
389,1899
389,1820
389,1738
389,1549
389,1335
389,1221
390,1608
390,635
390,515
391,1806
391,1737
391,1444
391,1392
391,1331
391,1132
391,673
391,526
391,440
391,430
391,426
392,1625
392,570
392,548
392,511
392,496
392,484
392,479
392,417
394,1689
394,1143
394,1001
394,537
394,536
395,1800
395,1720
395,1446
395,1436
395,1277
395,962
395,941
395,636
395,597
395,580
395,531
395,529
395,459
395,418
396,549
396,530
397,1673
397,1155
397,535
398,1689
398,1574
398,1265
398,646
398,546
398,461
398,414
400,1807
400,1695
400,1524
400,1391
400,1320
400,1207
400,1059
400,678
400,471
400,439
400,418
402,1853
402,1600
402,1322
402,652
402,569
402,480
403,637
403,534
403,481
404,1572
404,1487
404,1454
404,1237
404,1222
404,430
405,566
405,534
405,514
407,620
407,531
407,492
407,422
407,419
408,1850
408,1827
408,1820
408,1806
408,1716
408,1667
408,1631
408,1609
408,1602
408,1407
408,1288
408,1272
408,1210
408,1198
408,1126
408,1012
408,553
408,547
408,432
408,415
409,1761
409,669
409,471
409,410
410,1724
410,1695
410,1025
410,646
410,614
410,559
410,481
412,1845
412,1512
412,1269
412,932
412,630
412,563
412,475
412,421
413,505
414,1862
414,1828
414,1782
414,1779
414,1741
414,1717
414,1683
414,1456
414,1444
414,1423
414,1422
414,1411
414,1385
414,1132
414,1129
414,1104
414,1069
414,1058
414,1013
414,967
414,457
415,1056
415,634
415,547
415,537
415,511
415,492
415,456
415,436
415,425
416,1742
416,676
417,1584
417,1563
417,1121
417,669
417,606
417,548
417,543
417,502
417,489
418,533
418,525
418,519
418,496
419,1713
419,1681
419,1485
419,1245
419,1179
419,1093
419,683
419,596
419,478
420,1632
420,1620
420,1524
420,1424
420,1246
420,1173
420,1166
420,1052
420,559
420,528
420,497
421,1680
421,489
421,483
422,1545
422,1485
422,616
422,591
422,558
422,528
422,517
422,495
422,425
423,1773
423,1475
423,1180
423,968
423,948
423,502
423,495
424,645
424,591
425,1785
425,1606
425,1282
425,548
425,486
426,1740
426,1374
426,542
426,536
426,444
427,1777
427,1487
428,1901
428,1723
428,1680
428,1656
428,1636
428,1624
428,1462
428,1458
428,1338
428,1152
428,968
428,629
429,1570
430,1609
430,1283
430,1075
430,997
430,580
430,570
430,527
430,516
431,1893
431,1669
431,1591
431,1340
431,1109
431,1039
431,1025
431,620
431,490
431,452
432,1682
432,1592
432,1160
433,1882
433,459
434,1801
434,1720
434,1113
434,673
434,619
434,553
434,516
434,498
434,460
434,450
434,438
435,451
436,1659
436,1570
436,1122
436,1054
436,1010
436,977
436,645
436,578
438,1871
438,1777
438,1773
438,1742
438,1576
438,684
438,542
439,452
440,1408
442,1661
442,914
442,676
442,505
442,459
442,449
444,1699
444,1467
444,1300
444,683
444,553
445,1831
445,1766
445,545
445,466
445,455
446,1545
446,1103
448,671
448,545
448,515
449,1910
449,1732
449,669
449,653
449,525
449,523
449,457
450,1694
450,651
450,465
451,1320
451,1079
451,606
451,554
451,517
451,483
452,1850
452,1436
452,1223
452,1217
452,523
455,1574
455,1313
455,1303
455,604
455,549
455,542
456,1592
456,1427
456,1237
456,1209
456,1102
456,905
456,534
456,469
457,1653
457,560
458,1455
458,1408
458,1110
459,461
460,1767
460,1695
460,1655
460,1624
460,1425
460,1306
460,1084
460,644
460,526
461,1679
461,612
461,496
463,1870
463,1816
463,1287
463,653
463,609
463,587
463,545
463,520
463,495
465,1512
465,1160
465,1126
465,1080
465,1070
465,1018
465,1001
465,610
465,594
465,474
467,555
469,594
469,542
469,526
470,1487
470,568
471,1732
471,1620
471,1574
471,1514
471,1013
471,683
471,596
471,517
473,1770
473,1692
473,1238
473,1210
473,614
475,1886
475,1872
475,1841
475,1830
475,1800
475,1698
475,1572
475,1487
475,1457
475,1340
475,1316
475,1200
475,1153
475,1090
475,1044
475,953
475,932
475,922
475,685
475,630
475,617
475,479
477,488
478,1397
478,561
478,527
479,1214
479,1080
479,591
479,570
479,539
479,531
480,1522
480,1199
481,1068
481,597
482,1694
482,1565
482,1463
482,1179
482,594
482,514
483,1761
483,1637
483,1623
483,1517
483,1467
483,1451
483,1447
483,1371
483,1316
483,1304
483,1200
483,1070
483,1056
483,1047
483,1029
483,1026
483,1007
483,944
483,625
483,594
483,531
484,1902
484,1768
484,1746
484,1706
484,1610
484,1592
484,1554
484,1528
484,1458
484,1314
484,1294
484,1083
484,1044
484,1024
484,989
484,555
484,542
484,530
484,505
485,669
486,1630
487,1600
487,1436
487,1309
487,645
488,1843
488,1584
488,1427
488,539
488,538
489,1897
489,1545
489,1446
489,1427
489,620
489,539
490,1551
490,547
490,544
491,612
491,534
492,1876
492,1524
492,1095
492,594
492,549
492,516
493,1516
493,1211
493,1199
493,1037
493,1014
493,534
493,528
494,1595
494,1508
494,1420
494,1159
494,1113
494,1101
495,1250
495,524
495,521
496,1005
496,971
496,682
496,606
496,549
496,528
497,1893
497,1732
497,1397
497,1311
497,1231
497,1205
497,1060
497,646
497,543
497,505
498,557
498,528
500,1862
500,1789
500,1587
500,1095
500,1086
500,554
502,1723
502,1297
502,942
502,646
502,645
502,641
502,597
503,1768
503,1744
503,1709
503,1549
503,1448
503,630
503,604
503,523
504,1606
504,1595
504,1446
505,1636
505,1408
505,905
505,514
506,1626
506,1536
506,1472
506,1429
506,1425
506,1026
506,976
506,605
506,558
507,1899
507,1826
507,1773
507,1390
507,1110
507,1083
507,678
508,1070
508,1004
508,915
510,1692
510,1536
510,606
510,591
510,556
510,549
510,527
511,1536
511,1114
511,1080
511,948
512,1887
512,1845
512,1770
512,1677
512,1605
512,1489
512,1406
512,1375
512,1022
512,927
512,905
513,1907
513,1805
513,1611
513,1565
513,1408
513,1296
513,1241
513,1006
514,1853
514,1606
514,1349
514,1300
514,1284
514,1277
514,914
514,553
514,539
514,519
515,1823
515,1777
515,1436
515,1282
515,1223
515,1205
515,1180
515,1155
515,1001
515,931
515,680
516,1141
516,571
517,1895
517,1871
517,1744
517,1732
517,1630
517,1604
517,1595
517,1547
517,1508
517,1472
517,1439
517,1350
517,1291
517,1249
517,1148
517,1116
517,900
517,571
519,1616
520,1677
520,1591
520,993
520,673
520,641
520,537
521,1549
521,1536
523,1906
523,1446
523,596
523,567
523,549
523,548
524,1878
524,1413
524,1294
524,1070
524,930
524,663
524,609
524,554
525,1723
525,1716
525,1661
525,1612
525,1458
525,1309
525,1305
525,1261
525,978
525,925
525,676
525,592
526,1807
526,1794
526,1793
526,1721
526,1702
526,1632
526,1538
526,1531
526,1385
526,1371
526,1255
526,1143
526,1133
526,1032
526,982
526,948
526,925
526,536
527,1716
527,1428
527,1099
527,924
527,586
527,533
528,560
531,651
535,1413
535,976
535,645
535,540
536,1891
536,1628
536,604
536,569
537,1821
537,1738
537,1649
537,1306
537,1041
537,645
538,1801
538,1739
538,1665
538,1605
538,1530
538,1515
538,1473
538,1425
538,1422
538,1356
538,1311
538,1280
538,1227
538,1188
538,1185
538,1171
538,1102
538,1081
538,589
539,1901
539,1435
539,1179
540,561
541,676
542,1907
542,1835
542,1811
542,1703
542,1628
542,1423
542,1414
542,1344
542,1004
542,947
542,673
542,551
544,1907
544,1720
544,1515
544,1464
544,1436
544,1080
544,606
544,591
544,549
544,546
545,1767
545,1374
546,1472
546,580
547,1605
547,1526
547,1327
547,1006
548,1724
548,625
553,1904
553,1828
553,1324
553,1079
555,1514
555,1473
555,1435
555,1374
555,1318
556,1647
556,1355
557,1878
557,1677
557,1357
558,1574
558,567
559,1804
559,1710
559,1611
559,1520
559,1219
559,1060
559,1012
559,596
560,1897
560,1849
560,1464
560,1309
560,1132
560,563
561,1740
561,1709
561,1688
561,1515
561,1128
561,1066
563,1871
563,1853
563,1804
563,1790
563,1724
563,1618
563,1593
563,1573
563,1514
563,1482
563,1433
563,1428
563,1261
563,1237
563,1001
563,961
563,960
565,1770
565,609
566,1898
566,1857
566,1832
566,1823
566,1796
566,1697
566,1524
566,1483
566,1481
566,1446
566,1436
566,1427
566,1329
566,1211
566,1113
566,1095
566,1028
566,1017
566,957
566,912
566,679
566,618
567,3687
567,3449
567,1602
567,1399
567,1277
567,641
567,614
569,1661
570,1436
570,1018
580,1803
580,1800
580,1793
580,1712
580,1688
580,1687
580,1671
580,1620
580,1611
580,1502
580,1497
580,1487
580,1454
580,1424
580,1400
580,1365
580,1233
580,1079
580,1059
580,951
580,922
580,907
580,897
584,1473
584,664
584,619
584,614
584,605
587,1882
590,660
591,1821
591,1812
591,1801
591,1767
591,1732
591,1609
591,1488
591,1464
591,1376
591,1217
591,1190
592,1876
592,1661
593,1374
596,1883
596,1879
596,1843
596,1800
596,1783
596,1732
596,1537
596,1447
596,1436
596,1435
596,1415
596,1312
596,1294
596,1018
596,984
596,967
596,924
596,631
598,622
601,1653
601,1358
601,1352
601,1215
601,1121
601,603
604,1782
604,1531
604,1320
605,1402
606,1906
606,1891
606,1868
606,1841
606,1820
606,1728
606,1723
606,1472
606,1446
606,1317
606,1309
606,1299
606,1281
606,1227
606,1083
606,1079
606,1069
606,1051
606,942
606,896
609,1740
609,1673
609,645
610,1487
610,671
612,620
614,1591
614,1514
614,1153
614,1128
614,1066
614,634
618,1475
618,664
620,1166
621,653
629,1899
629,1848
629,1735
629,1598
629,1553
629,1503
629,1317
629,1312
629,1289
629,1201
629,930
629,896
630,667
632,681
634,1338
634,683
637,1819
637,1741
637,1664
637,1644
637,1425
637,1422
637,1351
637,1259
637,1123
637,1122
637,1021
637,942
637,925
637,924
637,671
639,1813
639,1006
641,1894
641,1879
641,1871
641,1867
641,1833
641,1718
641,1591
641,1589
641,1584
641,1522
641,1518
641,1464
641,1401
641,1315
641,1304
641,1291
641,1220
641,1205
641,1192
641,1184
641,1171
641,1159
641,1129
641,1125
641,1115
645,1885
645,1687
645,1366
645,1148
646,1473
647,948
649,1825
649,1687
649,1488
651,1841
651,1804
651,1780
651,1667
651,1660
651,1580
651,1515
651,1375
651,1351
651,1237
651,1234
651,1172
651,1026
651,941
653,1606
653,1406
653,1067
654,676
656,1882
656,1313
666,667
669,1742
669,1170
669,984
671,1473
671,1436
676,1473
683,1695
683,1475
683,1210
683,1122
684,1347
686,893
687,773
688,842
688,728
688,706
689,736
690,829
690,768
690,740
690,722
691,816
693,763
694,796
694,762
695,848
695,773
695,753
695,721
696,781
696,746
697,838
697,797
698,824
698,780
701,844
701,814
701,799
701,772
701,730
701,723
701,709
703,887
703,731
704,830
705,848
706,772
708,809
709,744
711,856
712,771
713,797
713,779
716,794
716,742
718,826
718,737
719,776
720,854
721,820
722,786
723,806
725,733
726,817
726,763
727,827
727,814
727,806
727,762
730,856
730,800
731,770
732,828
732,734
734,850
736,741
737,756
738,830
738,766
739,825
739,821
739,752
740,803
740,781
741,845
741,840
741,787
745,766
746,851
746,824
748,827
748,755
751,845
751,820
753,884
754,833
754,827
754,809
757,759
758,786
759,844
761,784
763,861
763,772
764,853
765,815
766,785
768,794
771,829
772,893
772,849
772,797
772,779
773,809
778,805
781,797
782,842
792,834
795,799
797,848
797,814
798,848
803,805
805,806
809,820
812,851
816,819
817,849
817,838
817,834
820,890
826,851
846,853
849,853
857,3785
857,3518
862,3929
862,3707
862,3448
896,1782
896,1594
896,1542
896,1364
896,1093
897,1794
897,1698
897,1662
897,1642
897,1619
897,1605
897,1584
897,1539
897,1499
897,1484
897,1380
897,1330
897,1245
897,1227
897,1193
897,1182
897,1135
897,1106
897,1054
897,1006
897,984
898,1858
898,1836
898,1712
898,1634
898,1495
898,1455
898,1358
898,1218
898,1120
898,1059
898,1051
898,988
898,915
898,903
899,1585
899,1398
899,1049
900,1803
900,1719
900,1475
900,1415
900,1284
900,1131
900,950
901,1286
901,1014
902,1815
902,1790
902,1762
902,1647
902,1599
902,1336
902,1221
902,1065
902,927
903,1898
903,1802
903,1609
903,1487
903,1310
903,1235
903,1000
905,1752
905,1671
905,1659
905,1643
905,1637
905,1551
905,1490
905,1480
905,1356
905,1343
905,1271
905,1266
905,1183
905,1063
905,1020
906,1902
906,1879
906,1797
906,1761
906,1331
906,1300
906,1288
906,1274
906,1173
906,1170
906,1148
907,1860
907,1772
907,1707
907,1702
907,1689
907,1679
907,1666
907,1654
907,1643
907,1514
907,1447
907,1437
907,1397
907,1335
907,1238
907,1180
907,1156
907,1141
907,1077
907,976
908,1619
908,1532
908,1487
908,1198
908,1191
908,1182
908,1126
908,1106
908,996
908,934
909,1218
909,1054
909,993
909,947
912,1888
912,1879
912,1805
912,1786
912,1753
912,1662
912,1569
912,1540
912,1497
912,1484
912,1458
912,1429
912,1374
912,1017
913,1901
913,1829
913,1796
913,1768
913,1764
913,1761
913,1721
913,1714
913,1419
913,1402
913,1223
913,1199
913,1088
913,1067
913,999
913,992
913,944
913,933
914,3432
914,1911
914,1840
914,1773
914,1772
914,1729
914,1717
914,1637
914,1578
914,1320
914,1229
914,1227
914,1221
914,1047
915,1878
915,1872
915,1819
915,1649
915,1621
915,1592
915,1526
915,1504
915,1484
915,1397
915,1327
915,1231
915,964
915,949
916,1963
916,1903
916,1848
916,1845
916,1818
916,1811
916,1790
916,1710
916,1505
916,1500
916,1420
916,1337
916,1321
916,1234
916,1185
916,1100
916,1091
916,1007
916,997
917,1910
917,1903
917,1870
917,1722
917,1714
917,1675
917,1619
917,1589
917,1578
917,1545
917,1537
917,1399
917,1385
917,1339
917,1310
917,1201
917,1195
917,1100
917,1075
917,1028
917,1003
919,1809
919,1752
919,1741
919,1704
919,1612
919,1554
919,1472
919,1431
919,1361
919,1259
919,1044
919,1040
920,1718
920,1623
920,1559
920,1554
920,1423
920,1390
920,1367
920,1343
920,1341
920,1338
920,1289
920,1192
920,1006
921,1818
921,1816
921,1800
921,1740
921,1680
921,1665
921,1660
921,1547
921,1258
921,1221
921,1196
921,1183
921,1148
921,1040
921,1036
921,1004
921,999
922,1865
922,1851
922,1821
922,1774
922,1715
922,1646
922,1534
922,1526
922,1485
922,1471
922,1345
922,1322
922,1184
922,1182
922,1133
922,994
922,978
923,1804
923,1795
923,1746
923,1652
923,1556
923,1539
923,1470
923,1110
923,982
923,952
923,932
924,1850
924,1810
924,1789
924,1677
924,1634
924,1550
924,1540
924,1533
924,1480
924,1475
924,1474
924,1470
924,1449
924,1441
924,1425
924,1286
924,1211
924,1134
924,1004
925,1845
925,1789
925,1573
925,1567
925,1550
925,1482
925,1055
925,968
926,1902
926,1894
926,1730
926,1711
926,1670
926,1532
926,1456
926,1418
926,1344
926,1171
926,1084
926,1032
926,1024
926,991
927,1909
927,1902
927,1894
927,1893
927,1781
927,1571
927,1544
927,1523
927,1187
927,1112
927,1098
927,981
927,963
928,1687
929,1087
930,1853
930,1820
930,1736
930,1596
930,1550
930,1336
930,1241
930,1231
930,1124
931,1288
931,1114
931,978
931,969
931,962
932,2138
932,1882
932,1823
932,1751
932,1538
932,1455
932,1422
932,1355
932,1323
932,1271
932,1262
932,1250
932,1234
932,1110
932,1104
933,1873
933,1709
933,1673
933,1653
933,1600
933,1496
933,1416
933,1405
933,1393
933,1391
933,1379
933,1230
933,1159
933,1158
933,1148
933,1004
933,969
933,957
934,1849
934,1673
934,1672
934,1649
934,1447
934,1280
934,1256
934,1168
934,1077
934,1004
934,982
934,964
934,935
935,1795
935,1793
935,1743
935,1435
935,1399
935,1304
935,1004
936,1885
936,1846
936,1753
936,1620
936,1600
936,1526
936,1422
936,1400
936,1338
936,1313
936,1302
936,1110
936,982
936,966
937,1668
937,1377
937,1341
937,1330
937,1286
938,1897
938,1793
938,1275
938,1259
938,982
939,1882
939,1876
939,1786
939,1743
939,1702
939,1696
939,1406
939,1349
939,960
940,1889
940,1876
940,1709
940,1067
941,1906
941,1903
941,1810
941,1807
941,1663
941,1634
941,1612
941,1422
941,1172
942,1763
942,1686
942,1681
942,1672
942,1584
942,1320
942,1131
942,1121
942,1044
942,977
943,1765
943,1685
943,1554
943,1532
943,1444
943,1351
943,1319
943,1122
943,967
944,1871
944,1667
944,1351
944,1344
944,1204
944,970
945,1820
945,1764
945,1247
946,1821
946,1766
946,1701
946,1609
946,1535
946,1348
946,1210
946,974
947,1783
947,1763
947,1685
947,1620
947,1600
947,1401
947,1339
947,1279
947,1173
947,1131
947,1095
947,1062
948,1845
948,1821
948,1812
948,1782
948,1771
948,1770
948,1741
948,1662
948,1623
948,1608
948,1602
948,1597
948,1590
948,1525
948,1483
948,1447
948,1412
948,1387
948,1170
948,1108
948,1056
948,1018
948,1003
948,981
949,1782
949,1768
949,1660
949,1453
949,1347
949,1209
950,1817
950,1746
950,1720
950,1670
950,1547
950,1529
950,1396
950,1393
950,1278
950,1163
950,1047
950,991
951,1817
951,1811
951,1605
951,1491
951,1410
951,1143
952,1884
952,1877
952,1805
952,1779
952,1763
952,1665
952,1424
952,1416
952,1205
952,1101
952,1095
952,1085
952,1040
952,1013
952,986
952,977
953,1900
953,1886
953,1881
953,1825
953,1805
953,1750
953,1718
953,1651
953,1632
953,1606
953,1351
953,1320
953,1277
953,1184
953,1101
953,1088
953,1079
953,1050
953,1039
953,1021
954,1481
954,1316
954,1269
954,1175
954,988
955,1360
956,1892
956,1012
957,1890
957,1853
957,1396
957,1095
957,1049
957,1048
958,1596
959,1902
959,1878
959,1835
959,1717
959,1678
959,1672
959,1671
959,1594
959,1580
959,1569
959,1453
959,1451
959,1434
959,1416
959,1305
959,1273
959,1230
959,1220
959,1214
959,1149
959,1024
959,969
960,1818
960,1720
960,1660
960,1655
960,1644
960,1623
960,1538
960,1521
960,1470
960,1444
960,1439
960,1427
960,1263
960,1164
960,1124
960,1092
960,1025
960,999
960,993
961,1811
961,1564
961,1519
961,1501
961,1325
961,1285
961,1132
961,1059
962,1871
962,1794
962,1773
962,1739
962,1583
962,1576
962,1518
962,1428
962,1415
962,1408
962,1358
962,1180
962,1175
962,1172
962,1093
962,1075
962,1022
962,1013
963,1662
963,1128
963,1102
963,1014
963,975
964,1864
964,1833
964,1815
964,1813
964,1718
964,1234
964,1219
964,1141
964,1139
964,1120
964,1066
964,1056
964,986
965,1897
965,1887
965,1846
965,1729
965,1548
965,1448
965,1446
965,1354
965,1256
965,1148
965,989
966,1829
966,1817
966,1734
966,1606
966,1472
966,1453
966,1442
966,1415
966,1375
966,1293
966,1286
966,1278
966,1243
966,1133
966,1094
966,1058
966,1025
967,1886
967,1864
967,1821
967,1751
967,1750
967,1725
967,1677
967,1573
967,1569
967,1553
967,1536
967,1496
967,1470
967,1384
967,1246
967,1164
967,1095
967,1024
968,1835
968,1792
968,1751
968,1625
968,1609
968,1573
968,1538
968,1458
968,1456
968,1330
968,1199
968,1177
968,1163
968,1118
968,1083
968,971
969,1857
969,1827
969,1818
969,1373
969,1277
969,1257
969,1173
969,1155
970,1790
970,1705
970,1522
970,1370
970,1236
970,1220
971,1909
971,1903
971,1880
971,1703
971,1630
971,1528
971,1422
971,1396
971,1380
971,1190
971,1080
971,981
972,1804
972,1612
972,1598
972,1565
972,1530
972,1460
972,1291
972,1028
972,1012
973,1865
973,1757
973,1698
973,1621
973,1513
973,1467
973,1302
973,1198
973,1132
973,1123
973,1083
973,1047
973,1029
974,1887
974,1879
974,1799
974,1715
974,1545
974,1435
974,1339
974,1294
974,1257
974,981
975,1832
975,1793
975,1785
975,1781
975,1745
975,1742
975,1559
975,1497
975,1431
975,1405
975,1366
975,1123
975,1044
975,1004
976,1860
976,1804
976,1696
976,1580
976,1455
976,1434
976,1428
976,1191
976,1001
977,1844
977,1793
977,1758
977,1647
977,1611
977,1423
977,1420
977,1320
977,1250
977,1210
977,994
978,1900
978,1889
978,1795
978,1783
978,1772
978,1725
978,1617
978,1584
978,1510
978,1506
978,1341
978,1339
978,1271
978,1211
978,1161
978,1122
978,1078
978,1055
979,1845
980,1848
980,1803
980,1792
980,1737
980,1660
980,1539
980,1423
980,1401
980,1390
980,1287
980,1262
980,1196
980,1054
980,994
980,983
981,1885
981,1871
981,1812
981,1700
981,1489
981,1349
981,1209
981,1009
982,2560
982,1911
982,1827
982,1723
982,1691
982,1580
982,1472
982,1415
982,1361
982,1261
982,1063
982,1015
983,1878
983,1855
983,1679
983,1574
983,1530
983,1512
983,1388
983,1279
983,1173
983,1130
983,1094
983,1066
983,1033
983,1029
983,1022
984,1910
984,1807
984,1629
984,1549
984,1522
984,1379
984,1350
984,1281
984,1167
984,1130
984,1051
985,1673
985,1570
985,1444
985,1365
985,994
986,1799
986,1689
986,1469
986,1379
986,1238
986,1217
986,1214
986,1163
987,1747
987,1704
987,1554
987,1449
987,1235
987,1189
987,1104
988,1716
988,1712
988,1689
988,1502
988,1472
988,1417
988,1263
988,1160
988,1129
988,1106
988,1083
988,1023
988,1022
988,994
989,1867
989,1515
989,1454
989,1451
989,1115
989,1065
989,1020
989,1015
989,994
990,3327
990,3287
990,3239
990,3079
990,1659
990,1523
990,1334
991,2661
991,1793
991,1653
991,1636
991,1589
991,1532
991,1456
991,1407
991,1369
991,1269
991,1187
991,1149
991,1128
991,1075
991,1003
992,1709
992,1525
992,1315
992,1296
992,1235
992,1149
992,1036
992,1026
993,1882
993,1863
993,1832
993,1779
993,1737
993,1595
993,1528
993,1525
993,1502
993,1483
993,1423
993,1349
993,1151
993,1040
994,1903
994,1895
994,1893
994,1871
994,1712
994,1650
994,1603
994,1589
994,1227
994,1184
994,1059
995,2240
995,1849
995,1817
995,1787
995,1723
995,1632
995,1567
995,1359
995,1336
995,1329
995,1247
995,1174
995,1152
996,1577
996,1534
996,1327
997,1848
997,1843
997,1827
997,1808
997,1753
997,1717
997,1646
997,1595
997,1589
997,1552
997,1532
997,1454
997,1411
997,1357
997,1207
997,1111
997,1062
998,1758
998,1754
998,1687
998,1533
998,1331
998,1261
998,1243
998,1222
998,1211
998,1153
999,1859
999,1845
999,1717
999,1618
999,1522
999,1478
999,1434
999,1427
999,1375
999,1366
999,1359
999,1339
999,1305
999,1149
999,1055
1001,1735
1001,1724
1001,1719
1001,1706
1001,1637
1001,1514
1001,1453
1001,1384
1001,1227
1001,1222
1003,2336
1003,1794
1003,1603
1003,1549
1003,1529
1003,1528
1003,1461
1003,1443
1003,1409
1003,1359
1003,1336
1003,1323
1003,1291
1003,1273
1003,1239
1003,1228
1003,1159
1003,1091
1003,1040
1004,1858
1004,1815
1004,1696
1004,1686
1004,1681
1004,1669
1004,1628
1004,1595
1004,1591
1004,1512
1004,1215
1004,1127
1004,1122
1004,1053
1005,1536
1005,1530
1005,1306
1005,1120
1005,1079
1006,1891
1006,1860
1006,1802
1006,1752
1006,1599
1006,1582
1006,1514
1006,1475
1006,1436
1006,1418
1006,1312
1006,1292
1006,1280
1006,1217
1006,1085
1006,1080
1007,1909
1007,1842
1007,1828
1007,1739
1007,1612
1007,1492
1007,1475
1007,1345
1007,1336
1007,1204
1007,1186
1007,1018
1008,1662
1008,1435
1008,1348
1008,1340
1008,1310
1008,1147
1008,1087
1008,1059
1009,1863
1009,1841
1009,1839
1009,1768
1009,1634
1009,1612
1009,1595
1009,1591
1009,1525
1009,1454
1009,1382
1009,1372
1009,1339
1009,1273
1010,1855
1010,1740
1010,1724
1010,1634
1010,1604
1010,1269
1011,1891
1011,1831
1011,1830
1011,1790
1011,1749
1011,1747
1011,1662
1011,1575
1011,1489
1011,1436
1011,1396
1011,1336
1011,1304
1011,1235
1011,1222
1011,1079
1011,1048
1011,1031
1012,1859
1012,1814
1012,1730
1012,1721
1012,1709
1012,1678
1012,1634
1012,1598
1012,1582
1012,1542
1012,1473
1012,1142
1012,1103
1013,1694
1013,1650
1013,1529
1013,1444
1013,1257
1014,1873
1014,1842
1014,1682
1014,1621
1014,1601
1014,1432
1014,1431
1014,1413
1014,1350
1014,1271
1014,1132
1014,1095
1015,1896
1015,1893
1015,1634
1015,1514
1015,1448
1015,1444
1015,1390
1015,1371
1015,1279
1015,1215
1015,1115
1017,1941
1017,1897
1017,1863
1017,1747
1017,1562
1017,1422
1017,1288
1017,1180
1017,1147
1018,1903
1018,1866
1018,1691
1018,1584
1018,1473
1018,1238
1018,1225
1018,1214
1018,1120
1018,1095
1018,1082
1018,1057
1018,1042
1018,1020
1019,1871
1019,1832
1019,1816
1019,1425
1019,1170
1019,1153
1020,1807
1020,1779
1020,1707
1020,1655
1020,1620
1020,1609
1020,1542
1020,1489
1020,1432
1020,1400
1020,1221
1020,1042
1020,1025
1021,1910
1021,1895
1021,1883
1021,1846
1021,1757
1021,1647
1021,1620
1021,1572
1021,1516
1021,1483
1021,1335
1021,1093
1021,1078
1021,1054
1021,1044
1022,1753
1022,1746
1022,1529
1022,1303
1022,1192
1022,1183
1022,1143
1023,1604
1023,1598
1023,1357
1023,1210
1023,1171
1023,1117
1024,1911
1024,1813
1024,1684
1024,1673
1024,1659
1024,1634
1024,1574
1024,1473
1024,1435
1024,1401
1024,1399
1024,1276
1024,1222
1024,1156
1024,1095
1024,1084
1024,1052
1024,1040
1025,1839
1025,1813
1025,1801
1025,1796
1025,1793
1025,1768
1025,1725
1025,1714
1025,1707
1025,1702
1025,1673
1025,1623
1025,1473
1025,1467
1025,1415
1025,1372
1025,1367
1025,1352
1025,1238
1025,1219
1025,1180
1025,1170
1025,1128
1025,1124
1026,1871
1026,1851
1026,1763
1026,1696
1026,1691
1026,1609
1026,1523
1026,1448
1026,1437
1026,1416
1026,1389
1026,1348
1026,1339
1026,1280
1026,1191
1026,1160
1026,1135
1026,1102
1026,1088
1026,1054
1028,1860
1028,1856
1028,1820
1028,1786
1028,1752
1028,1697
1028,1665
1028,1621
1028,1401
1028,1370
1028,1117
1029,2472
1029,2075
1029,1909
1029,1845
1029,1809
1029,1799
1029,1793
1029,1725
1029,1644
1029,1597
1029,1572
1029,1406
1029,1372
1029,1361
1029,1296
1029,1273
1029,1269
1029,1219
1029,1110
1030,1805
1030,1795
1031,1811
1031,1588
1031,1390
1031,1325
1032,1876
1032,1815
1032,1712
1032,1667
1032,1663
1032,1643
1032,1559
1032,1441
1032,1381
1032,1338
1032,1331
1032,1198
1032,1078
1033,1819
1033,1588
1033,1559
1033,1470
1033,1389
1033,1156
1035,1883
1035,1777
1035,1746
1035,1714
1035,1689
1035,1673
1035,1659
1035,1367
1035,1356
1035,1289
1035,1269
1035,1106
1035,1060
1036,1903
1036,1860
1036,1745
1036,1649
1036,1485
1036,1431
1036,1380
1036,1333
1036,1291
1036,1272
1036,1110
1036,1083
1036,1041
1037,1826
1037,1807
1037,1644
1037,1563
1037,1399
1037,1364
1037,1229
1037,1167
1038,1456
1038,1418
1038,1408
1038,1130
1038,1048
1039,1843
1039,1789
1039,1732
1039,1668
1039,1665
1039,1653
1039,1491
1039,1446
1039,1441
1039,1412
1039,1409
1039,1399
1039,1397
1039,1367
1039,1337
1039,1290
1039,1234
1039,1146
1039,1056
1040,1836
1040,1680
1040,1554
1040,1503
1040,1469
1040,1355
1040,1341
1040,1339
1040,1212
1040,1195
1040,1086
1040,1079
1041,1871
1041,1839
1041,1699
1041,1616
1041,1454
1041,1424
1041,1300
1041,1130
1041,1095
1041,1081
1042,1604
1042,1598
1042,1582
1042,1261
1043,1830
1043,1659
1043,1470
1044,1873
1044,1799
1044,1599
1044,1554
1044,1551
1044,1417
1044,1190
1044,1060
1045,1804
1045,1302
1045,1195
1047,3331
1047,1845
1047,1843
1047,1836
1047,1789
1047,1752
1047,1710
1047,1625
1047,1620
1047,1604
1047,1588
1047,1375
1047,1339
1047,1329
1047,1289
1047,1188
1047,1079
1048,1842
1048,1795
1048,1780
1048,1762
1048,1709
1048,1616
1048,1610
1048,1599
1048,1469
1048,1374
1048,1312
1048,1228
1049,1836
1049,1742
1049,1720
1049,1712
1049,1679
1049,1669
1049,1637
1049,1535
1049,1515
1049,1476
1049,1471
1049,1457
1049,1442
1049,1417
1049,1389
1049,1293
1049,1268
1049,1171
1049,1056
1050,1456
1050,1370
1050,1243
1051,1883
1051,1860
1051,1820
1051,1791
1051,1769
1051,1726
1051,1647
1051,1624
1051,1606
1051,1580
1051,1556
1051,1520
1051,1516
1051,1493
1051,1487
1051,1451
1051,1443
1051,1418
1051,1273
1051,1215
1051,1172
1051,1076
1052,1893
1052,1882
1052,1800
1052,1768
1052,1757
1052,1714
1052,1700
1052,1579
1052,1569
1052,1456
1052,1376
1052,1305
1052,1297
1052,1281
1052,1258
1052,1244
1052,1069
1053,1891
1053,1681
1053,1603
1053,1504
1054,1877
1054,1852
1054,1848
1054,1833
1054,1787
1054,1767
1054,1711
1054,1700
1054,1620
1054,1606
1054,1569
1054,1420
1054,1378
1054,1314
1054,1306
1054,1181
1054,1169
1054,1124
1054,1116
1054,1085
1054,1069
1055,1768
1055,1677
1055,1576
1055,1551
1055,1463
1055,1331
1055,1330
1056,2629
1056,1900
1056,1882
1056,1881
1056,1820
1056,1530
1056,1484
1056,1480
1056,1449
1056,1420
1056,1396
1056,1364
1056,1360
1056,1277
1056,1132
1057,1889
1057,1565
1058,1891
1058,1839
1058,1724
1058,1702
1058,1574
1058,1539
1058,1439
1058,1348
1058,1313
1058,1305
1058,1222
1059,1911
1059,1881
1059,1779
1059,1626
1059,1577
1059,1502
1059,1495
1059,1441
1059,1343
1059,1305
1059,1288
1059,1170
1059,1121
1059,1120
1059,1094
1059,1085
1060,1848
1060,1828
1060,1816
1060,1720
1060,1665
1060,1645
1060,1598
1060,1400
1060,1365
1060,1107
1061,1600
1061,1595
1061,1441
1062,1901
1062,1668
1062,1573
1062,1550
1062,1536
1062,1484
1062,1323
1062,1259
1063,1761
1063,1699
1063,1696
1063,1679
1063,1639
1063,1593
1063,1542
1063,1522
1063,1334
1063,1237
1063,1214
1063,1207
1063,1166
1064,1867
1064,1725
1064,1673
1064,1609
1064,1408
1064,1373
1064,1268
1064,1192
1065,1550
1065,1469
1066,1900
1066,1794
1066,1778
1066,1694
1066,1667
1066,1650
1066,1637
1066,1621
1066,1541
1066,1503
1066,1369
1066,1159
1067,1848
1067,1750
1067,1650
1067,1532
1067,1452
1067,1427
1067,1346
1067,1123
1067,1107
1068,1782
1068,1674
1068,1610
1068,1522
1068,1520
1068,1407
1068,1305
1068,1287
1068,1267
1068,1170
1068,1167
1068,1099
1068,1078
1068,1076
1069,1874
1069,1819
1069,1779
1069,1721
1069,1655
1069,1571
1069,1554
1069,1356
1069,1329
1069,1185
1069,1133
1069,1085
1069,1080
1070,1885
1070,1870
1070,1798
1070,1763
1070,1761
1070,1744
1070,1661
1070,1509
1070,1451
1070,1385
1070,1361
1070,1288
1070,1249
1070,1164
1070,1130
1070,1129
1072,1634
1072,1433
1072,1341
1072,1139
1073,1847
1073,1818
1073,1737
1073,1674
1073,1563
1073,1420
1073,1337
1073,1193
1073,1185
1073,1160
1074,2501
1074,2370
1074,2345
1074,2308
1074,2224
1074,2176
1074,2121
1074,2111
1074,1970
1074,1954
1074,1872
1074,1807
1074,1775
1074,1767
1074,1727
1074,1723
1074,1671
1074,1375
1074,1318
1074,1292
1074,1247
1074,1243
1074,1178
1075,1774
1075,1692
1075,1551
1075,1364
1075,1179
1075,1100
1076,1911
1076,1891
1076,1883
1076,1794
1076,1745
1076,1706
1076,1679
1076,1671
1076,1611
1076,1569
1076,1561
1076,1553
1076,1525
1076,1442
1076,1298
1076,1268
1076,1189
1076,1173
1076,1117
1077,2525
1077,2512
1077,2496
1077,2356
1077,2348
1077,2224
1077,1936
1077,1804
1077,1637
1077,1570
1077,1555
1077,1343
1077,1336
1077,1237
1078,2081
1078,1857
1078,1820
1078,1802
1078,1713
1078,1637
1078,1634
1078,1609
1078,1544
1078,1535
1078,1519
1078,1509
1078,1505
1078,1496
1078,1443
1078,1375
1078,1193
1078,1178
1079,1884
1079,1873
1079,1765
1079,1669
1079,1628
1079,1614
1079,1531
1079,1527
1079,1470
1079,1467
1079,1441
1079,1296
1079,1225
1079,1219
1079,1217
1079,1182
1079,1179
1079,1173
1080,1832
1080,1805
1080,1619
1080,1556
1080,1495
1080,1484
1080,1413
1080,1361
1080,1356
1080,1322
1080,1308
1080,1282
1080,1209
1080,1179
1081,1866
1081,1860
1081,1790
1081,1679
1081,1576
1081,1342
1081,1275
1081,1257
1082,1906
1082,1878
1082,1839
1082,1791
1082,1669
1082,1606
1082,1447
1082,1434
1082,1309
1082,1303
1082,1237
1082,1207
1082,1100
1083,1819
1083,1713
1083,1679
1083,1561
1083,1537
1083,1509
1083,1338
1083,1278
1083,1201
1084,1897
1084,1867
1084,1826
1084,1816
1084,1772
1084,1675
1084,1623
1084,1564
1084,1556
1084,1553
1084,1488
1084,1445
1084,1439
1084,1370
1084,1280
1084,1169
1084,1128
1084,1112
1085,3915
1085,3842
1085,3545
1085,3502
1085,3479
1085,1860
1085,1656
1085,1617
1085,1402
1086,1884
1086,1846
1086,1829
1086,1731
1086,1684
1086,1670
1086,1650
1086,1567
1086,1472
1086,1464
1086,1435
1086,1365
1086,1336
1086,1279
1086,1215
1086,1134
1088,1730
1088,1689
1088,1518
1089,1820
1089,1436
1089,1382
1089,1339
1090,1901
1090,1870
1090,1861
1090,1829
1090,1683
1090,1388
1090,1320
1090,1291
1091,1868
1091,1844
1091,1835
1091,1757
1091,1746
1091,1727
1091,1644
1091,1604
1091,1600
1091,1585
1091,1527
1091,1520
1091,1484
1091,1469
1091,1437
1091,1302
1091,1290
1091,1283
1091,1217
1091,1163
1091,1116
1092,1873
1092,1685
1092,1539
1092,1491
1092,1488
1092,1434
1092,1293
1092,1162
1092,1122
1093,1754
1093,1714
1093,1644
1093,1610
1093,1413
1093,1389
1093,1329
1093,1309
1093,1282
1093,1273
1093,1127
1094,1781
1094,1342
1094,1309
1094,1128
1094,1126
1094,1101
1094,1095
1095,1849
1095,1840
1095,1792
1095,1777
1095,1610
1095,1609
1095,1598
1095,1396
1095,1389
1095,1308
1095,1103
1097,1629
1098,2840
1098,1697
1098,1528
1098,1424
1098,1307
1098,1255
1098,1189
1099,1683
1099,1536
1099,1472
1099,1471
1099,1444
1099,1415
1099,1412
1099,1250
1099,1147
1100,1765
1100,1756
1100,1619
1100,1282
1100,1198
1101,1699
1101,1689
1101,1685
1101,1656
1101,1571
1101,1537
1101,1534
1101,1451
1101,1388
1101,1382
1101,1380
1101,1375
1102,1849
1102,1725
1102,1597
1102,1467
1102,1416
1102,1313
1102,1285
1102,1207
1102,1104
1103,1632
1103,1603
1103,1549
1103,1525
1103,1281
1104,1901
1104,1877
1104,1820
1104,1762
1104,1710
1104,1707
1104,1644
1104,1577
1104,1568
1104,1516
1104,1489
1104,1416
1104,1357
1104,1336
1104,1114
1106,1909
1106,1841
1106,1818
1106,1793
1106,1763
1106,1761
1106,1528
1106,1417
1106,1344
1106,1276
1106,1260
1106,1225
1106,1184
1106,1155
1106,1153
1107,2332
1107,1898
1107,1692
1107,1679
1107,1673
1107,1355
1107,1321
1107,1283
1107,1236
1107,1185
1107,1154
1107,1150
1108,1907
1108,1867
1108,1689
1108,1612
1108,1610
1108,1381
1108,1231
1108,1216
1108,1207
1108,1195
1108,1192
1109,1497
1109,1458
1109,1376
1109,1333
1109,1282
1109,1228
1109,1222
1109,1204
1109,1201
1110,1882
1110,1851
1110,1843
1110,1831
1110,1821
1110,1677
1110,1674
1110,1630
1110,1536
1110,1456
1110,1429
1110,1397
1110,1382
1110,1371
1110,1285
1110,1235
1111,1799
1111,1735
1112,1833
1112,1739
1112,1707
1112,1663
1112,1652
1112,1623
1112,1524
1112,1470
1112,1437
1112,1336
1112,1292
1113,1750
1113,1720
1113,1712
1113,1663
1113,1653
1113,1616
1113,1541
1113,1506
1113,1400
1113,1158
1113,1124
1114,1863
1114,1807
1114,1783
1114,1780
1114,1623
1114,1590
1114,1502
1114,1351
1114,1293
1114,1285
1114,1259
1115,1895
1115,1859
1115,1645
1115,1294
1115,1261
1116,1836
1116,1798
1116,1618
1116,1509
1116,1451
1116,1439
1116,1352
1116,1209
1117,1886
1117,1805
1117,1656
1117,1650
1117,1600
1117,1528
1117,1527
1117,1497
1117,1458
1117,1448
1117,1442
1117,1360
1117,1182
1118,1824
1118,1762
1118,1177
1120,1858
1120,1790
1120,1754
1120,1751
1120,1438
1120,1426
1120,1406
1120,1262
1120,1184
1121,1591
1121,1141
1121,1131
1122,1841
1122,1668
1122,1648
1122,1605
1122,1492
1122,1445
1122,1340
1122,1339
1122,1334
1122,1271
1122,1196
1122,1152
1122,1146
1123,1786
1123,1771
1123,1769
1123,1744
1123,1688
1123,1684
1123,1622
1123,1551
1123,1533
1123,1427
1123,1424
1123,1413
1123,1412
1123,1358
1123,1295
1124,1877
1124,1875
1124,1789
1124,1718
1124,1439
1124,1387
1124,1342
1124,1313
1124,1249
1125,1891
1125,1861
1125,1766
1125,1742
1125,1738
1125,1680
1125,1674
1125,1623
1125,1594
1125,1475
1125,1400
1125,1332
1125,1293
1125,1287
1125,1181
1125,1160
1125,1149
1125,1143
1125,1129
1126,1894
1126,1847
1126,1740
1126,1739
1126,1703
1126,1677
1126,1661
1126,1500
1126,1429
1126,1408
1126,1371
1126,1318
1126,1133
1127,1876
1127,1634
1127,1570
1127,1550
1127,1526
1127,1282
1127,1277
1127,1239
1127,1234
1127,1173
1128,1908
1128,1905
1128,1895
1128,1849
1128,1562
1128,1523
1128,1480
1128,1405
1128,1290
1128,1192
1128,1162
1129,1853
1129,1801
1129,1753
1129,1715
1129,1545
1129,1515
1129,1502
1129,1217
1130,1897
1130,1857
1130,1851
1130,1845
1130,1836
1130,1816
1130,1564
1130,1554
1130,1536
1130,1509
1130,1497
1130,1459
1130,1385
1130,1383
1130,1382
1130,1366
1130,1331
1130,1321
1130,1167
1131,1901
1131,1694
1131,1631
1131,1542
1131,1397
1131,1259
1132,1903
1132,1860
1132,1835
1132,1778
1132,1729
1132,1706
1132,1499
1132,1475
1132,1435
1132,1280
1132,1277
1132,1268
1132,1180
1132,1135
1132,1133
1133,1888
1133,1868
1133,1683
1133,1569
1133,1539
1133,1509
1133,1475
1133,1385
1133,1380
1133,1323
1133,1245
1134,1750
1134,1611
1134,1472
1134,1446
1134,1343
1135,1735
1135,1623
1135,1610
1135,1508
1135,1507
1135,1505
1135,1492
1135,1478
1135,1416
1135,1390
1135,1382
1135,1369
1135,1317
1135,1274
1135,1196
1135,1184
1135,1149
1136,1641
1136,1469
1136,1290
1136,1281
1137,1876
1138,1607
1139,1820
1139,1502
1139,1500
1139,1231
1139,1223
1140,1848
1140,1803
1140,1750
1140,1513
1140,1461
1140,1427
1141,1904
1141,1522
1141,1492
1141,1242
1141,1191
1142,1763
1142,1752
1142,1543
1143,1904
1143,1883
1143,1788
1143,1717
1143,1682
1143,1623
1143,1611
1143,1516
1143,1480
1143,1429
1143,1427
1143,1406
1143,1381
1143,1380
1143,1351
1143,1292
1143,1155
1144,1773
1144,1557
1144,1312
1146,1883
1146,1873
1146,1780
1146,1740
1146,1729
1146,1597
1146,1575
1146,1516
1146,1512
1146,1388
1146,1350
1146,1348
1146,1281
1146,1207
1146,1188
1147,1879
1147,1722
1147,1639
1147,1294
1147,1205
1148,1844
1148,1837
1148,1832
1148,1824
1148,1780
1148,1706
1148,1650
1148,1644
1148,1604
1148,1595
1148,1523
1148,1268
1148,1265
1148,1261
1149,1765
1149,1647
1149,1600
1149,1591
1149,1556
1149,1528
1149,1498
1149,1457
1149,1408
1149,1407
1149,1171
1150,1658
1150,1620
1150,1610
1150,1589
1150,1416
1150,1255
1150,1195
1151,1836
1151,1702
1151,1652
1151,1542
1151,1380
1151,1347
1151,1255
1152,1818
1152,1813
1152,1603
1152,1507
1152,1502
1152,1488
1152,1480
1152,1472
1152,1459
1152,1432
1152,1260
1152,1217
1152,1158
1153,1891
1153,1871
1153,1858
1153,1856
1153,1819
1153,1799
1153,1767
1153,1727
1153,1703
1153,1677
1153,1631
1153,1591
1153,1531
1153,1512
1153,1337
1153,1222
1153,1188
1154,1901
1154,1876
1154,1848
1154,1692
1154,1417
1154,1300
1154,1234
1155,1897
1155,1816
1155,1774
1155,1650
1155,1639
1155,1597
1155,1559
1155,1294
1155,1211
1156,1878
1156,1856
1156,1849
1156,1819
1156,1757
1156,1735
1156,1711
1156,1636
1156,1635
1156,1594
1156,1460
1156,1361
1156,1357
1156,1348
1156,1278
1156,1262
1157,1639
1158,1825
1158,1512
1158,1507
1158,1443
1158,1343
1158,1188
1159,1723
1159,1671
1159,1604
1159,1575
1159,1489
1159,1415
1159,1398
1159,1321
1159,1315
1159,1249
1159,1201
1160,1832
1160,1769
1160,1587
1160,1489
1160,1484
1160,1401
1160,1373
1161,1803
1161,1564
1161,1520
1161,1437
1161,1360
1161,1172
1162,1885
1162,1589
1162,1340
1162,1222
1162,1184
1163,1636
1163,1557
1163,1528
1163,1461
1163,1460
1163,1452
1164,1898
1164,1883
1164,1811
1164,1804
1164,1770
1164,1752
1164,1751
1164,1728
1164,1691
1164,1660
1164,1571
1164,1567
1164,1435
1164,1393
1164,1340
1164,1255
1164,1238
1165,1687
1165,1445
1165,1335
1166,1837
1166,1782
1166,1760
1166,1748
1166,1673
1166,1640
1166,1512
1166,1454
1166,1436
1166,1345
1166,1309
1166,1210
1167,1760
1167,1706
1167,1650
1167,1580
1167,1549
1167,1473
1167,1375
1167,1324
1167,1314
1169,1881
1169,1849
1169,1840
1169,1598
1169,1578
1169,1569
1169,1449
1169,1409
1169,1359
1170,1638
1170,1592
1170,1575
1170,1550
1170,1396
1170,1349
1170,1343
1170,1294
1170,1267
1171,3205
1171,1859
1171,1851
1171,1792
1171,1741
1171,1698
1171,1692
1171,1593
1171,1584
1171,1306
1171,1290
1172,1895
1172,1831
1172,1741
1172,1712
1172,1686
1172,1630
1172,1443
1172,1425
1172,1312
1172,1266
1172,1259
1172,1193
1172,1189
1173,2283
1173,1910
1173,1886
1173,1884
1173,1845
1173,1831
1173,1820
1173,1810
1173,1796
1173,1718
1173,1704
1173,1632
1173,1594
1173,1435
1173,1357
1173,1336
1173,1216
1173,1207
1173,1196
1174,1860
1174,1203
1175,1883
1175,1757
1175,1725
1175,1685
1175,1655
1175,1504
1175,1427
1175,1361
1175,1290
1176,1804
1176,1381
1177,1617
1178,1672
1178,1637
1178,1630
1178,1518
1178,1480
1178,1456
1178,1335
1178,1255
1178,1214
1179,1876
1179,1766
1179,1736
1179,1563
1179,1551
1179,1280
1179,1265
1179,1234
1179,1215
1180,1895
1180,1873
1180,1849
1180,1767
1180,1651
1180,1649
1180,1622
1180,1580
1180,1569
1180,1460
1180,1341
1180,1305
1180,1288
1180,1231
1181,1791
1181,1762
1181,1754
1181,1703
1181,1467
1181,1439
1181,1407
1181,1330
1181,1322
1181,1298
1181,1261
1181,1237
1181,1227
1182,2589
1182,2285
1182,2198
1182,1879
1182,1868
1182,1850
1182,1847
1182,1842
1182,1780
1182,1666
1182,1585
1182,1547
1182,1536
1182,1524
1182,1488
1182,1458
1182,1323
1182,1305
1182,1239
1183,1845
1183,1812
1183,1802
1183,1751
1183,1734
1183,1727
1183,1653
1183,1647
1183,1639
1183,1591
1183,1454
1183,1427
1183,1282
1183,1230
1184,1878
1184,1858
1184,1828
1184,1817
1184,1791
1184,1753
1184,1716
1184,1578
1184,1564
1184,1534
1184,1452
1184,1357
1184,1272
1184,1226
1185,1908
1185,1861
1185,1790
1185,1778
1185,1727
1185,1724
1185,1723
1185,1717
1185,1650
1185,1542
1185,1519
1185,1501
1185,1475
1185,1458
1185,1441
1185,1268
1185,1238
1186,1495
1186,1444
1187,1795
1187,1754
1187,1488
1187,1377
1187,1359
1187,1278
1188,1904
1188,1847
1188,1639
1188,1449
1188,1435
1188,1416
1188,1235
1189,1877
1189,1849
1189,1634
1189,1543
1189,1531
1189,1511
1189,1488
1189,1442
1189,1246
1189,1211
1190,1897
1190,1833
1190,1820
1190,1783
1190,1645
1190,1582
1190,1496
1190,1487
1190,1451
1190,1397
1190,1318
1190,1305
1190,1199
1191,2543
1191,1852
1191,1716
1191,1691
1191,1530
1191,1525
1191,1523
1191,1495
1191,1450
1191,1400
1191,1341
1191,1324
1191,1275
1192,1833
1192,1704
1192,1598
1192,1580
1192,1565
1192,1365
1192,1361
1192,1324
1192,1280
1192,1267
1192,1258
1192,1250
1195,2031
1195,2026
1195,1884
1195,1867
1195,1813
1195,1727
1195,1703
1195,1525
1195,1505
1195,1303
1195,1235
1196,1900
1196,1757
1196,1741
1196,1687
1196,1632
1196,1597
1196,1562
1196,1483
1196,1442
1196,1340
1196,1289
1196,1220
1197,1940
1197,1810
1197,1470
1197,1434
1197,1406
1197,1280
1198,2233
1198,1842
1198,1830
1198,1761
1198,1542
1198,1518
1198,1492
1198,1465
1198,1425
1198,1422
1198,1393
1198,1348
1198,1341
1198,1336
1198,1259
1198,1255
1199,2597
1199,1865
1199,1758
1199,1733
1199,1682
1199,1337
1199,1298
1199,1243
1201,1758
1201,1727
1201,1726
1201,1722
1201,1716
1201,1707
1201,1678
1201,1569
1201,1506
1201,1469
1201,1454
1201,1399
1201,1360
1201,1227
1203,1410
1204,1773
1204,1663
1204,1606
1204,1524
1204,1448
1204,1271
1205,1821
1205,1723
1205,1661
1205,1603
1205,1598
1205,1596
1205,1573
1205,1518
1205,1449
1205,1411
1205,1367
1205,1343
1205,1317
1205,1289
1205,1249
1205,1242
1207,1906
1207,1905
1207,1899
1207,1874
1207,1849
1207,1835
1207,1697
1207,1614
1207,1446
1207,1437
1207,1335
1209,1887
1209,1697
1209,1685
1209,1680
1209,1631
1209,1491
1209,1381
1209,1333
1209,1327
1209,1281
1210,1850
1210,1432
1210,1316
1211,1877
1211,1699
1211,1629
1211,1557
1211,1404
1211,1322
1212,1872
1212,1864
1212,1844
1212,1795
1212,1768
1212,1655
1212,1610
1212,1504
1213,1713
1213,1525
1213,1448
1213,1264
1213,1234
1214,1874
1214,1830
1214,1732
1214,1716
1214,1666
1214,1519
1214,1479
1214,1369
1214,1350
1214,1349
1214,1310
1214,1308
1214,1223
1214,1217
1214,1215
1215,1737
1215,1631
1215,1517
1215,1257
1215,1217
1216,1257
1217,1903
1217,1884
1217,1855
1217,1815
1217,1814
1217,1746
1217,1737
1217,1679
1217,1660
1217,1603
1217,1542
1217,1320
1217,1272
1218,1546
1219,3038
1219,1877
1219,1845
1219,1818
1219,1811
1219,1770
1219,1752
1219,1718
1219,1709
1219,1651
1219,1590
1219,1532
1219,1502
1219,1458
1219,1451
1219,1334
1219,1331
1219,1257
1219,1248
1219,1239
1220,1843
1220,1810
1220,1683
1220,1618
1220,1615
1220,1605
1220,1602
1220,1527
1220,1291
1221,1870
1221,1704
1221,1699
1221,1681
1221,1597
1221,1480
1221,1475
1221,1440
1221,1416
1221,1396
1221,1377
1221,1349
1221,1294
1222,2215
1222,1865
1222,1809
1222,1544
1222,1541
1222,1504
1222,1489
1222,1383
1223,1909
1223,1907
1223,1782
1223,1696
1223,1683
1223,1648
1223,1631
1223,1603
1223,1601
1223,1544
1223,1510
1223,1507
1223,1365
1225,1793
1225,1547
1225,1495
1225,1455
1225,1427
1225,1418
1226,1877
1226,1855
1226,1809
1226,1783
1226,1569
1226,1544
1226,1527
1226,1427
1227,1903
1227,1862
1227,1667
1227,1557
1227,1554
1227,1444
1227,1375
1228,1754
1228,1746
1228,1481
1228,1344
1228,1273
1229,1885
1229,1881
1229,1761
1229,1682
1229,1674
1229,1663
1229,1604
1229,1475
1229,1438
1229,1429
1230,1876
1230,1832
1230,1683
1230,1668
1230,1577
1230,1464
1230,1447
1230,1413
1231,1911
1231,1848
1231,1619
1231,1590
1231,1415
1231,1369
1231,1367
1231,1314
1231,1280
1232,1732
1233,1655
1233,1235
1234,1800
1234,1753
1234,1658
1234,1628
1234,1508
1234,1420
1235,1569
1235,1427
1235,1356
1235,1327
1236,1746
1236,1702
1236,1628
1236,1592
1236,1525
1236,1471
1236,1367
1237,1818
1237,1781
1237,1769
1237,1768
1237,1640
1237,1528
1237,1460
1237,1370
1237,1290
1237,1281
1238,1889
1238,1794
1238,1778
1238,1742
1238,1667
1238,1632
1238,1504
1238,1390
1238,1320
1238,1305
1239,1886
1239,1811
1239,1800
1239,1754
1239,1574
1239,1540
1239,1475
1239,1379
1239,1370
1240,1555
1241,1877
1241,1873
1241,1832
1241,1816
1241,1765
1241,1753
1241,1628
1241,1601
1241,1599
1241,1533
1241,1385
1241,1303
1241,1296
1242,1905
1242,1864
1242,1731
1242,1702
1242,1658
1242,1630
1242,1444
1242,1405
1242,1360
1243,1843
1243,1832
1243,1780
1243,1774
1243,1737
1243,1732
1243,1699
1243,1697
1243,1557
1243,1536
1243,1525
1243,1432
1243,1409
1243,1355
1243,1350
1243,1310
1243,1272
1244,1794
1244,1711
1244,1706
1244,1680
1244,1662
1244,1436
1244,1418
1245,1899
1245,1874
1245,1812
1245,1706
1245,1692
1245,1675
1245,1584
1245,1531
1245,1516
1245,1418
1245,1408
1245,1343
1245,1296
1245,1284
1246,1852
1246,1813
1246,1703
1246,1672
1246,1628
1246,1598
1246,1547
1246,1465
1246,1438
1246,1405
1246,1398
1246,1379
1246,1290
1246,1273
1247,1819
1247,1783
1247,1717
1247,1540
1247,1535
1247,1507
1247,1456
1247,1444
1247,1358
1247,1341
1248,1715
1248,1669
1248,1625
1248,1305
1249,1710
1249,1304
1250,1909
1250,1864
1250,1857
1250,1774
1250,1751
1250,1705
1250,1582
1250,1513
1250,1494
1250,1461
1250,1449
1250,1437
1250,1412
1250,1400
1250,1346
1250,1308
1251,1721
1251,1564
1253,1863
1253,1517
1255,1711
1255,1682
1255,1668
1255,1623
1255,1605
1255,1564
1255,1547
1255,1521
1255,1487
1255,1414
1255,1366
1255,1258
1256,1760
1256,1689
1256,1495
1256,1398
1256,1317
1256,1265
1256,1257
1257,1875
1257,1851
1257,1823
1257,1804
1257,1794
1257,1343
1257,1334
1258,1872
1258,1816
1258,1785
1258,1603
1258,1446
1258,1400
1258,1293
1259,1868
1259,1830
1259,1800
1259,1787
1259,1612
1259,1483
1259,1369
1259,1322
1259,1310
1259,1263
1261,1635
1262,1863
1262,1736
1262,1417
1262,1284
1263,1818
1263,1758
1263,1656
1263,1458
1263,1291
1263,1275
1264,1339
1265,1881
1265,1809
1265,1752
1265,1605
1265,1492
1265,1408
1265,1310
1266,2567
1266,1651
1266,1642
1266,1317
1267,1932
1267,1862
1267,1843
1267,1821
1267,1810
1267,1802
1267,1797
1267,1661
1267,1659
1267,1599
1267,1573
1267,1553
1267,1469
1267,1437
1267,1435
1267,1412
1267,1349
1267,1290
1268,1844
1268,1675
1268,1427
1268,1350
1269,1781
1269,1734
1269,1630
1269,1605
1269,1569
1269,1529
1269,1487
1269,1457
1269,1442
1269,1440
1271,1603
1271,1578
1271,1575
1271,1563
1271,1425
1271,1393
1271,1323
1272,1871
1272,1870
1272,1718
1272,1702
1272,1653
1272,1600
1272,1549
1272,1492
1272,1441
1272,1390
1272,1337
1273,1902
1273,1845
1273,1812
1273,1575
1273,1551
1273,1505
1273,1465
1273,1415
1273,1390
1273,1296
1273,1292
1274,1782
1274,1780
1274,1504
1274,1482
1274,1436
1274,1407
1274,1361
1275,1894
1275,1786
1275,1773
1275,1309
1276,1859
1276,1376
1276,1346
1277,1874
1277,1868
1277,1861
1277,1746
1277,1584
1277,1455
1277,1400
1277,1380
1277,1352
1277,1331
1277,1291
1278,1901
1278,1673
1278,1645
1278,1638
1278,1637
1278,1540
1279,1752
1279,1536
1279,1481
1280,1800
1280,1790
1280,1740
1280,1672
1280,1669
1280,1557
1280,1554
1280,1525
1280,1512
1280,1504
1280,1480
1280,1469
1280,1435
1281,1830
1281,1682
1281,1650
1281,1509
1281,1485
1281,1473
1281,1437
1281,1290
1281,1284
1282,1758
1282,1734
1282,1679
1282,1628
1282,1496
1282,1491
1282,1489
1282,1462
1282,1423
1282,1380
1283,1894
1283,1856
1283,1847
1283,1754
1283,1716
1283,1671
1283,1608
1283,1532
1283,1310
1283,1298
1284,1862
1284,1845
1284,1735
1284,1575
1284,1418
1284,1381
1285,1836
1285,1833
1285,1823
1285,1805
1285,1563
1285,1467
1285,1327
1286,1623
1286,1473
1286,1432
1286,1367
1287,1884
1287,1881
1287,1819
1287,1793
1287,1753
1287,1686
1287,1570
1287,1528
1287,1473
1287,1339
1287,1322
1287,1317
1287,1305
1288,1841
1288,1750
1288,1740
1288,1674
1288,1655
1288,1580
1288,1551
1288,1543
1288,1539
1288,1311
1289,2564
1289,2475
1289,2259
1289,2137
1289,1955
1289,1912
1289,1620
1289,1576
1289,1470
1289,1458
1289,1435
1289,1417
1289,1345
1289,1317
1289,1312
1290,1860
1290,1832
1290,1819
1290,1816
1290,1809
1290,1794
1290,1725
1290,1636
1290,1564
1290,1509
1290,1408
1290,1402
1290,1331
1290,1305
1291,1883
1291,1757
1291,1753
1291,1635
1291,1567
1291,1520
1291,1457
1291,1380
1291,1355
1291,1344
1292,1787
1292,1655
1292,1621
1292,1335
1292,1331
1292,1312
1293,1846
1293,1753
1293,1718
1293,1678
1293,1652
1293,1622
1293,1604
1293,1559
1293,1535
1293,1495
1293,1484
1293,1475
1293,1423
1293,1416
1293,1411
1293,1399
1293,1397
1293,1359
1293,1330
1293,1313
1294,1867
1294,1857
1294,1819
1294,1796
1294,1782
1294,1658
1294,1600
1294,1568
1294,1496
1294,1487
1294,1442
1294,1390
1294,1332
1294,1329
1294,1313
1295,1569
1295,1429
1296,1869
1296,1807
1296,1783
1296,1667
1296,1482
1296,1416
1296,1315
1297,1805
1297,1662
1298,1890
1298,1799
1298,1794
1298,1742
1298,1739
1298,1721
1298,1598
1298,1559
1298,1483
1298,1309
1299,1823
1299,1752
1300,1810
1300,1745
1300,1636
1300,1622
1300,1578
1300,1489
1300,1381
1300,1352
1300,1315
1301,1864
1301,1813
1301,1678
1301,1328
1302,1868
1302,1751
1302,1536
1302,1458
1302,1448
1302,1397
1302,1358
1302,1310
1303,1813
1303,1413
1304,1813
1304,1689
1304,1669
1304,1498
1304,1489
1304,1361
1304,1338
1305,1905
1305,1706
1305,1703
1305,1669
1305,1650
1305,1609
1305,1599
1305,1454
1305,1434
1305,1308
1306,1839
1306,1807
1306,1766
1306,1549
1306,1489
1307,1717
1307,1665
1307,1467
1307,1376
1308,1861
1308,1678
1308,1662
1308,1649
1308,1630
1308,1457
1308,1390
1309,1824
1309,1781
1309,1761
1309,1744
1309,1691
1309,1569
1309,1500
1309,1489
1310,1789
1310,1643
1310,1398
1311,1717
1311,1618
1311,1495
1311,1446
1311,1412
1311,1323
1312,1829
1312,1707
1312,1699
1312,1580
1312,1559
1312,1483
1312,1459
1312,1456
1312,1444
1312,1418
1312,1357
1312,1331
1313,1882
1313,1862
1313,1848
1313,1779
1313,1770
1313,1710
1313,1646
1313,1576
1313,1335
1313,1329
1314,1828
1314,1606
1315,1786
1315,1746
1315,1699
1315,1533
1315,1503
1315,1356
1316,1863
1316,1860
1316,1807
1316,1736
1316,1720
1316,1716
1316,1655
1316,1652
1316,1533
1316,1507
1316,1502
1316,1493
1316,1425
1317,2760
1317,1899
1317,1860
1317,1796
1317,1741
1317,1675
1317,1540
1317,1328
1318,1861
1318,1827
1318,1717
1318,1713
1318,1689
1318,1533
1318,1510
1318,1444
1318,1376
1318,1375
1320,1833
1320,1786
1320,1765
1320,1665
1320,1658
1320,1526
1320,1503
1320,1454
1320,1392
1321,2355
1321,1948
1321,1920
1321,1805
1321,1745
1321,1711
1321,1710
1321,1646
1321,1624
1321,1393
1321,1344
1321,1334
1322,1832
1322,1823
1322,1770
1322,1763
1322,1751
1322,1695
1322,1637
1322,1487
1322,1470
1322,1447
1322,1350
1322,1344
1322,1332
1323,1908
1323,1879
1323,1847
1323,1827
1323,1755
1323,1712
1323,1679
1323,1661
1323,1525
1323,1467
1323,1411
1324,1645
1324,1611
1324,1455
1324,1390
1325,1554
1327,2293
1327,2114
1327,1872
1327,1835
1327,1770
1327,1629
1327,1456
1327,1370
1327,1342
1328,1416
1328,1341
1329,1870
1329,1786
1329,1758
1329,1744
1329,1719
1329,1711
1329,1672
1329,1667
1329,1626
1329,1605
1329,1527
1329,1435
1330,1852
1330,1769
1330,1724
1330,1553
1330,1514
1330,1410
1330,1405
1330,1365
1331,1891
1331,1716
1331,1667
1331,1543
1331,1434
1331,1392
1331,1369
1332,1842
1332,1785
1332,1743
1332,1455
1332,1432
1332,1365
1333,1891
1333,1356
1334,1884
1334,1830
1334,1747
1334,1709
1334,1688
1334,1636
1334,1487
1334,1356
1334,1353
1335,1916
1335,1903
1335,1852
1335,1843
1335,1826
1335,1715
1335,1710
1335,1683
1335,1626
1335,1600
1335,1561
1335,1532
1335,1513
1335,1364
1335,1349
1336,1886
1336,1670
1336,1617
1336,1584
1336,1551
1336,1458
1336,1448
1337,1765
1337,1708
1337,1688
1337,1642
1337,1620
1337,1577
1337,1545
1337,1501
1337,1421
1338,1864
1338,1751
1338,1735
1338,1666
1338,1563
1338,1498
1338,1461
1338,1387
1338,1379
1339,2629
1339,1885
1339,1881
1339,1878
1339,1858
1339,1853
1339,1807
1339,1787
1339,1727
1339,1697
1339,1642
1339,1620
1339,1529
1339,1388
1339,1376
1339,1348
1340,1793
1340,1775
1340,1675
1340,1563
1340,1488
1340,1399
1341,1885
1341,1732
1341,1723
1341,1671
1341,1667
1341,1634
1341,1613
1341,1609
1341,1567
1341,1495
1341,1479
1341,1402
1342,1470
1342,1358
1342,1356
1343,1894
1343,1879
1343,1769
1343,1727
1343,1712
1343,1709
1343,1689
1343,1670
1343,1646
1344,1948
1344,1868
1344,1842
1344,1794
1344,1778
1344,1754
1344,1699
1344,1698
1344,1662
1344,1488
1344,1464
1344,1461
1344,1453
1344,1350
1345,1864
1345,1804
1345,1629
1345,1547
1345,1538
1346,1495
1346,1457
1347,1884
1347,1807
1347,1745
1347,1735
1347,1578
1347,1487
1347,1405
1348,1895
1348,1884
1348,1836
1348,1791
1348,1698
1348,1647
1348,1532
1348,1456
1348,1444
1349,1885
1349,1778
1349,1665
1349,1621
1349,1453
1350,1669
1350,1563
1350,1530
1350,1459
1350,1377
1350,1356
1351,1831
1351,1790
1351,1750
1351,1722
1351,1674
1351,1663
1351,1636
1351,1589
1352,1894
1352,1677
1352,1676
1352,1667
1352,1632
1352,1628
1352,1463
1352,1460
1354,1757
1355,1888
1355,1870
1355,1832
1355,1624
1355,1623
1355,1606
1355,1583
1355,1563
1355,1490
1355,1458
1355,1433
1356,1796
1356,1795
1356,1738
1356,1726
1356,1675
1356,1531
1356,1526
1356,1491
1357,1828
1357,1735
1357,1703
1357,1694
1357,1557
1357,1556
1357,1525
1358,1884
1358,1862
1358,1595
1358,1585
1358,1538
1358,1431
1358,1429
1358,1366
1359,1877
1359,1795
1359,1643
1359,1632
1359,1622
1359,1554
1359,1520
1359,1513
1359,1496
1360,1598
1361,2533
1361,2530
1361,2519
1361,2516
1361,2315
1361,2274
1361,2224
1361,2180
1361,2127
1361,1883
1361,1845
1361,1823
1361,1675
1361,1630
1361,1567
1361,1521
1361,1511
1361,1403
1361,1379
1362,1624
1363,1436
1364,1904
1364,1874
1364,1801
1364,1707
1364,1541
1364,1380
1364,1377
1365,1941
1365,1830
1365,1820
1365,1723
1365,1683
1365,1675
1365,1671
1365,1668
1365,1662
1365,1542
1365,1516
1366,1866
1366,1789
1366,1671
1366,1523
1366,1440
1367,1853
1367,1852
1367,1767
1367,1753
1367,1625
1367,1556
1367,1540
1367,1523
1367,1422
1367,1371
1368,1714
1368,1377
1369,2653
1369,1902
1369,1825
1369,1822
1369,1746
1369,1739
1369,1599
1369,1554
1369,1553
1369,1527
1369,1470
1369,1433
1370,1630
1370,1571
1370,1551
1370,1459
1370,1439
1371,1853
1371,1720
1371,1593
1371,1590
1371,1584
1371,1540
1371,1464
1371,1446
1371,1391
1372,1392
1372,1377
1373,1823
1373,1793
1373,1707
1373,1689
1373,1639
1373,1597
1373,1549
1373,1536
1373,1496
1373,1397
1374,1835
1374,1746
1374,1737
1374,1689
1374,1532
1374,1439
1375,1817
1375,1770
1375,1583
1375,1570
1375,1491
1375,1485
1376,1941
1376,1843
1376,1832
1376,1805
1376,1780
1376,1562
1376,1463
1376,1435
1376,1408
1377,1853
1377,1722
1377,1667
1377,1630
1377,1580
1377,1530
1377,1463
1377,1459
1377,1452
1377,1450
1377,1405
1377,1404
1378,1453
1378,1421
1379,1798
1379,1743
1379,1599
1379,1515
1379,1451
1380,1722
1380,1710
1380,1655
1380,1626
1380,1559
1380,1485
1380,1418
1380,1389
1381,1909
1381,1860
1381,1767
1381,1741
1381,1700
1381,1439
1382,1859
1382,1706
1382,1639
1382,1576
1382,1563
1382,1556
1382,1554
1382,1536
1382,1525
1382,1404
1383,1556
1384,1883
1384,1724
1384,1614
1384,1595
1385,1861
1385,1771
1385,1682
1385,1610
1385,1590
1385,1515
1385,1469
1387,1676
1387,1559
1387,1441
1388,1883
1388,1795
1388,1718
1388,1636
1388,1585
1388,1523
1389,1827
1389,1801
1389,1772
1389,1757
1389,1718
1389,1699
1389,1662
1389,1605
1389,1523
1389,1520
1389,1485
1389,1427
1390,1805
1390,1722
1390,1718
1390,1484
1390,1463
1391,1902
1391,1884
1391,1743
1391,1732
1391,1582
1391,1550
1391,1497
1391,1484
1391,1471
1391,1453
1392,1768
1392,1679
1393,2293
1393,2007
1393,1926
1393,1843
1393,1739
1393,1584
1393,1571
1393,1467
1393,1436
1395,1730
1396,1730
1396,1669
1396,1652
1396,1551
1396,1548
1396,1528
1396,1447
1397,1898
1397,1897
1397,1842
1397,1754
1397,1750
1397,1707
1398,1865
1398,1746
1398,1608
1398,1590
1398,1563
1398,1554
1398,1549
1398,1508
1398,1441
1399,2292
1399,2127
1399,1911
1399,1842
1399,1807
1399,1781
1399,1753
1399,1670
1399,1599
1399,1573
1399,1539
1399,1538
1399,1514
1399,1505
1399,1459
1399,1411
1400,1823
1400,1761
1400,1584
1400,1549
1400,1543
1401,1891
1401,1846
1401,1819
1401,1752
1401,1685
1401,1626
1401,1619
1401,1513
1401,1447
1402,1894
1402,1872
1402,1769
1402,1754
1402,1667
1402,1597
1402,1522
1402,1513
1403,1434
1404,1816
1404,1807
1404,1805
1404,1722
1404,1715
1404,1694
1404,1585
1404,1481
1405,3291
1405,3256
1405,3187
1405,3178
1405,3177
1405,3069
1405,3051
1405,2955
1405,2868
1405,2681
1405,1886
1405,1796
1405,1782
1405,1739
1405,1644
1405,1620
1405,1580
1405,1508
1405,1491
1406,1887
1406,1862
1406,1639
1406,1578
1406,1517
1406,1514
1407,1890
1407,1874
1407,1827
1407,1810
1407,1799
1407,1757
1407,1650
1407,1542
1407,1491
1408,1839
1408,1820
1408,1733
1408,1632
1408,1598
1408,1532
1408,1425
1409,1872
1409,1810
1409,1787
1409,1744
1409,1674
1409,1585
1409,1574
1409,1569
1409,1545
1409,1506
1409,1473
1409,1450
1410,1539
1410,1528
1411,1659
1411,1515
1412,1895
1412,1864
1412,1846
1412,1839
1412,1706
1412,1679
1412,1623
1412,1598
1412,1536
1412,1481
1413,1853
1413,1828
1413,1800
1413,1799
1413,1770
1413,1689
1413,1594
1413,1590
1413,1472
1414,1706
1414,1651
1414,1469
1415,1827
1415,1771
1415,1732
1415,1634
1415,1580
1415,1545
1415,1532
1415,1480
1416,2176
1416,1858
1416,1807
1416,1656
1416,1592
1416,1444
1416,1418
1417,1887
1417,1872
1417,1818
1417,1804
1417,1741
1417,1730
1417,1721
1417,1682
1417,1517
1417,1496
1417,1436
1417,1431
1418,1828
1418,1577
1418,1529
1419,3415
1419,3351
1419,3265
1419,3136
1419,3058
1419,2848
1419,2731
1419,1908
1419,1795
1419,1793
1419,1765
1419,1764
1419,1734
1419,1535
1419,1531
1419,1420
1420,2543
1420,1849
1420,1821
1420,1754
1420,1729
1420,1691
1420,1641
1420,1631
1420,1443
1420,1433
1421,1836
1422,1712
1422,1653
1422,1551
1422,1522
1422,1478
1422,1472
1422,1456
1422,1431
1422,1426
1423,1836
1423,1707
1423,1695
1423,1542
1423,1480
1423,1463
1424,1902
1424,1732
1424,1712
1424,1663
1424,1535
1424,1523
1424,1483
1425,1859
1425,1848
1425,1824
1425,1823
1425,1790
1425,1653
1425,1614
1426,1864
1426,1749
1426,1695
1426,1694
1426,1589
1426,1457
1426,1435
1427,1771
1427,1755
1427,1727
1427,1583
1427,1463
1428,1882
1428,1632
1428,1630
1428,1493
1429,1849
1429,1639
1429,1525
1429,1514
1429,1460
1429,1448
1431,1647
1431,1629
1431,1574
1431,1490
1431,1463
1432,1475
1434,1819
1434,1653
1434,1453
1434,1451
1435,1885
1435,1853
1435,1816
1435,1812
1435,1645
1435,1503
1435,1471
1435,1456
1436,1871
1436,1828
1436,1761
1436,1735
1436,1728
1436,1725
1436,1679
1436,1662
1436,1628
1436,1621
1436,1619
1436,1597
1436,1594
1436,1469
1437,1878
1437,1866
1437,1757
1437,1753
1437,1715
1437,1656
1437,1589
1437,1513
1437,1461
1437,1447
1438,1830
1439,1877
1439,1793
1439,1715
1439,1685
1439,1565
1439,1447
1440,2144
1440,1809
1440,1753
1440,1524
1440,1444
1441,1839
1441,1685
1441,1637
1441,1612
1441,1594
1442,1868
1442,1832
1442,1772
1442,1552
1442,1487
1443,1863
1443,1780
1443,1725
1444,1792
1444,1771
1444,1754
1444,1742
1444,1709
1444,1663
1444,1633
1444,1523
1444,1516
1444,1488
1445,1563
1445,1542
1445,1522
1446,1799
1446,1675
1446,1660
1446,1545
1447,1870
1447,1851
1447,1847
1447,1794
1447,1783
1447,1735
1447,1710
1447,1694
1447,1686
1447,1507
1447,1451
1448,1863
1448,1816
1448,1744
1448,1729
1448,1515
1448,1487
1448,1470
1449,1903
1449,1871
1449,1745
1449,1738
1449,1710
1449,1694
1449,1617
1449,1567
1449,1512
1449,1492
1449,1491
1450,3256
1450,3086
1450,3081
1450,1523
1451,1897
1451,1823
1451,1764
1451,1741
1451,1688
1451,1628
1451,1556
1452,1847
1452,1819
1452,1598
1452,1497
1453,1858
1453,1832
1453,1739
1453,1732
1453,1651
1453,1594
1453,1559
1454,1899
1454,1878
1454,1851
1454,1758
1454,1749
1454,1595
1454,1540
1455,1817
1455,1814
1455,1812
1455,1597
1456,2250
1456,1900
1456,1822
1456,1813
1456,1812
1456,1767
1456,1716
1456,1612
1457,1862
1457,1751
1457,1626
1457,1528
1457,1480
1458,3263
1458,1799
1458,1746
1458,1705
1458,1692
1458,1683
1458,1571
1459,1794
1459,1789
1459,1751
1459,1702
1459,1507
1460,1903
1460,1816
1460,1799
1460,1772
1460,1736
1460,1696
1460,1534
1461,1761
1461,1539
1461,1497
1461,1477
1462,1907
1462,1839
1462,1672
1462,1622
1462,1554
1462,1488
1463,1793
1463,1666
1463,1585
1464,1852
1464,1833
1464,1757
1464,1654
1464,1602
1464,1598
1465,2657
1465,2620
1465,2504
1465,2488
1465,2478
1465,2409
1465,2386
1465,2342
1465,2339
1465,2284
1465,2212
1465,2001
1465,1998
1465,1988
1465,1947
1465,1927
1465,1918
1465,1764
1465,1675
1465,1659
1467,1831
1467,1727
1467,1671
1467,1532
1468,1507
1469,1751
1469,1747
1469,1711
1469,1644
1469,1628
1469,1625
1469,1621
1469,1500
1470,2028
1470,1877
1470,1831
1470,1759
1470,1644
1470,1571
1470,1561
1471,1890
1471,1889
1471,1865
1471,1694
1471,1620
1472,1811
1472,1804
1472,1730
1472,1696
1472,1547
1473,1910
1473,1773
1473,1746
1473,1737
1473,1729
1473,1689
1473,1566
1473,1559
1473,1557
1473,1553
1473,1504
1475,1897
1475,1873
1475,1867
1475,1645
1475,1516
1477,1702
1477,1561
1477,1542
1478,1767
1479,1876
1479,1763
1479,1668
1479,1612
1479,1604
1479,1597
1479,1535
1480,3222
1480,1861
1480,1722
1480,1714
1480,1591
1480,1534
1480,1498
1480,1481
1481,1711
1481,1652
1481,1593
1481,1575
1481,1554
1482,1897
1482,1745
1482,1729
1482,1698
1482,1537
1483,2608
1483,2327
1483,2191
1483,1890
1483,1833
1483,1706
1483,1661
1483,1652
1483,1643
1483,1599
1483,1553
1483,1495
1484,2283
1484,1779
1484,1714
1484,1662
1484,1608
1484,1573
1484,1567
1484,1543
1484,1522
1484,1519
1485,1877
1485,1826
1485,1665
1485,1600
1485,1567
1485,1528
1485,1489
1487,1768
1487,1738
1487,1726
1487,1665
1487,1628
1487,1622
1487,1513
1488,1908
1488,1902
1488,1890
1488,1726
1488,1670
1488,1655
1488,1597
1488,1574
1489,1894
1489,1767
1489,1589
1490,1866
1490,1826
1490,1764
1490,1738
1490,1639
1490,1605
1490,1589
1491,1861
1491,1814
1491,1807
1491,1573
1492,1891
1492,1833
1492,1812
1492,1782
1492,1680
1492,1662
1492,1623
1492,1522
1492,1516
1493,1761
1493,1559
1494,1662
1495,1876
1495,1849
1495,1744
1495,1677
1495,1647
1496,1768
1496,1737
1496,1679
1496,1603
1496,1538
1497,1637
1497,1503
1498,1736
1498,1622
1498,1590
1498,1522
1498,1504
1499,1707
1499,1524
1500,1795
1500,1786
1500,1611
1500,1603
1500,1584
1500,1573
1500,1523
1500,1509
1501,1883
1501,1643
1502,1860
1502,1859
1502,1821
1502,1785
1502,1782
1502,1629
1502,1625
1503,1681
1503,1634
1503,1613
1503,1590
1503,1536
1504,1877
1504,1801
1504,1749
1504,1590
1504,1542
1505,3368
1505,3361
1505,3355
1505,3212
1505,3204
1505,3160
1505,2843
1505,2701
1505,1891
1505,1879
1505,1845
1505,1765
1505,1723
1505,1562
1506,1692
1506,1668
1506,1663
1507,1869
1507,1825
1507,1646
1507,1629
1507,1605
1507,1595
1507,1547
1508,1887
1508,1793
1508,1737
1508,1705
1508,1650
1508,1646
1508,1534
1509,2151
1509,1872
1509,1829
1509,1782
1509,1705
1509,1662
1510,1698
1511,1804
1511,1724
1511,1702
1511,1574
1511,1563
1511,1547
1512,1645
1512,1549
1513,2247
1513,1789
1513,1761
1513,1708
1513,1684
1513,1671
1513,1626
1513,1540
1514,1843
1514,1699
1514,1688
1514,1685
1514,1658
1514,1603
1515,1866
1515,1597
1515,1596
1516,1897
1516,1710
1517,1810
1517,1743
1518,1795
1519,1879
1519,1877
1519,1820
1519,1818
1519,1789
1519,1665
1519,1612
1520,1898
1520,1770
1520,1738
1520,1724
1520,1644
1520,1637
1520,1604
1520,1591
1520,1574
1520,1553
1521,2259
1521,2101
1521,1740
1522,1890
1522,1871
1522,1865
1522,1860
1522,1849
1522,1841
1522,1813
1522,1706
1522,1703
1522,1681
1522,1637
1523,1909
1523,1868
1523,1861
1523,1791
1523,1789
1523,1686
1524,1832
1524,1768
1524,1750
1524,1643
1524,1595
1524,1584
1525,1831
1525,1792
1525,1786
1525,1760
1525,1727
1525,1714
1525,1706
1525,1628
1525,1535
1525,1526
1526,1895
1526,1795
1526,1717
1527,1900
1527,1882
1527,1790
1527,1724
1527,1570
1527,1567
1528,2543
1528,1907
1528,1823
1528,1764
1528,1692
1528,1658
1528,1652
1528,1622
1528,1548
1529,1864
1529,1800
1530,1864
1530,1832
1530,1780
1530,1688
1530,1590
1531,1829
1531,1812
1531,1667
1531,1644
1531,1630
1532,1909
1532,1845
1532,1801
1532,1773
1532,1687
1532,1673
1532,1605
1532,1554
1532,1539
1533,1831
1533,1800
1533,1694
1533,1688
1534,3396
1534,3342
1534,2833
1534,2801
1534,2678
1534,2673
1534,1879
1534,1845
1534,1833
1534,1805
1534,1783
1534,1729
1534,1689
1534,1665
1534,1606
1535,1903
1535,1820
1535,1785
1535,1779
1535,1726
1535,1632
1535,1617
1535,1606
1535,1594
1535,1572
1535,1553
1536,1831
1536,1800
1536,1740
1536,1732
1536,1729
1536,1571
1536,1554
1537,1698
1537,1659
1538,1863
1538,1861
1538,1814
1538,1748
1538,1734
1538,1721
1538,1675
1538,1644
1538,1599
1538,1557
1539,1911
1539,1874
1539,1845
1539,1806
1539,1800
1539,1729
1539,1600
1540,1894
1540,1869
1540,1775
1540,1734
1540,1671
1540,1662
1540,1643
1540,1578
1542,1886
1542,1808
1542,1790
1542,1727
1542,1691
1542,1659
1542,1578
1542,1566
1543,1875
1543,1833
1543,1769
1543,1686
1543,1662
1544,2530
1544,1721
1544,1637
1544,1610
1545,1850
1545,1795
1545,1715
1545,1582
1545,1563
1547,1911
1547,1890
1547,1878
1547,1871
1547,1824
1547,1705
1547,1640
1547,1597
1547,1573
1547,1566
1548,1820
1549,1872
1549,1729
1549,1679
1549,1626
1550,1735
1550,1720
1551,1823
1551,1818
1551,1762
1551,1594
1551,1573
1552,1836
1552,1774
1552,1758
1553,1712
1553,1702
1553,1675
1553,1625
1553,1565
1554,1769
1554,1735
1554,1673
1554,1659
1554,1650
1554,1649
1555,1620
1555,1605
1556,1849
1556,1835
1556,1689
1556,1635
1557,1563
1559,1941
1559,1852
1559,1851
1559,1744
1559,1625
1559,1600
1561,1835
1561,1833
1561,1816
1561,1669
1561,1665
1562,1875
1562,1851
1562,1779
1562,1687
1562,1614
1562,1578
1563,1764
1563,1697
1563,1600
1563,1594
1564,1886
1564,1853
1564,1818
1564,1593
1564,1590
1565,1720
1565,1658
1565,1631
1565,1591
1565,1589
1566,1875
1566,1794
1566,1785
1566,1728
1566,1668
1566,1620
1566,1617
1567,1668
1567,1622
1569,1823
1569,1753
1569,1722
1569,1671
1569,1610
1569,1602
1570,1900
1570,1775
1570,1752
1570,1743
1570,1723
1570,1703
1570,1606
1571,1907
1571,1846
1571,1835
1571,1813
1571,1799
1571,1797
1571,1718
1571,1708
1571,1700
1571,1603
1571,1597
1572,1712
1572,1665
1572,1663
1572,1620
1572,1610
1572,1585
1573,1863
1573,1841
1573,1726
1573,1622
1574,1894
1574,1873
1574,1860
1574,1845
1574,1818
1574,1811
1574,1761
1575,1835
1575,1668
1575,1609
1576,1893
1576,1863
1576,1845
1576,1832
1576,1745
1576,1703
1577,2606
1577,2520
1577,2334
1577,2313
1577,2266
1577,2200
1577,2074
1577,2058
1577,1977
1577,1964
1577,1942
1577,1938
1577,1919
1577,1914
1577,1877
1577,1750
1577,1723
1577,1708
1577,1703
1577,1610
1577,1597
1578,1872
1578,1830
1578,1736
1578,1721
1578,1662
1579,1698
1580,1894
1580,1811
1580,1758
1580,1711
1580,1685
1580,1659
1580,1644
1582,1902
1582,1899
1582,1740
1582,1673
1582,1628
1583,1781
1583,1749
1583,1714
1583,1709
1583,1616
1583,1613
1584,1941
1584,1898
1584,1851
1584,1812
1584,1782
1584,1781
1584,1772
1584,1599
1585,1722
1585,1609
1585,1608
1587,1648
1588,1867
1589,3432
1589,2336
1589,1874
1590,2475
1590,1871
1590,1769
1590,1724
1590,1716
1590,1656
1590,1622
1591,1861
1591,1799
1591,1746
1591,1658
1592,1807
1592,1799
1593,1898
1593,1662
1594,1900
1594,1875
1594,1830
1594,1804
1594,1609
1594,1598
1595,1898
1595,1835
1595,1780
1595,1774
1595,1750
1595,1666
1596,1789
1596,1749
1596,1648
1597,1876
1597,1849
1597,1796
1597,1780
1597,1680
1597,1675
1597,1656
1597,1620
1598,2289
1598,1747
1598,1732
1598,1631
1599,1769
1599,1694
1599,1623
1599,1614
1600,1821
1600,1762
1600,1747
1600,1741
1600,1660
1600,1642
1600,1604
1601,1803
1601,1686
1603,2629
1603,2331
1603,2144
1603,2138
1603,2020
1603,1690
1603,1683
1604,1700
1604,1679
1605,1832
1605,1813
1605,1606
1606,1833
1606,1622
1608,1805
1608,1752
1608,1712
1608,1687
1608,1656
1608,1650
1609,1752
1610,2869
1610,2419
1610,1872
1610,1711
1610,1697
1611,1879
1611,1878
1611,1853
1611,1744
1611,1694
1611,1667
1611,1649
1611,1622
1612,1902
1612,1876
1612,1852
1612,1845
1612,1775
1612,1766
1612,1708
1612,1703
1612,1699
1612,1698
1613,2031
1613,1817
1613,1747
1613,1720
1614,1941
1614,1879
1614,1876
1614,1858
1614,1826
1614,1793
1614,1691
1614,1686
1614,1683
1616,1861
1616,1689
1616,1665
1616,1637
1617,2246
1617,2153
1617,2071
1617,1909
1617,1795
1617,1768
1618,2471
1618,2451
1618,2420
1618,2378
1618,2300
1618,2283
1618,2155
1618,2144
1618,2031
1618,2002
1618,1907
1618,1900
1618,1810
1618,1656
1619,1911
1619,1909
1619,1842
1619,1827
1619,1660
1619,1629
1620,1869
1620,1795
1620,1717
1621,1907
1621,1869
1621,1828
1621,1802
1621,1632
1622,1894
1622,1826
1622,1821
1622,1810
1622,1771
1622,1738
1622,1734
1622,1731
1622,1726
1622,1661
1622,1635
1623,1905
1623,1780
1623,1692
1624,1752
1624,1725
1624,1715
1625,1898
1625,1785
1626,1799
1628,1853
1628,1827
1628,1742
1628,1738
1628,1699
1628,1629
1630,1907
1630,1904
1630,1877
1630,1811
1630,1733
1630,1715
1630,1710
1630,1706
1631,1833
1632,1870
1632,1662
1632,1655
1633,1897
1633,1727
1633,1709
1633,1695
1634,1847
1635,1778
1635,1666
1636,1875
1637,1862
1637,1836
1637,1826
1637,1789
1637,1735
1637,1715
1637,1700
1637,1692
1637,1685
1637,1678
1637,1677
1638,1872
1638,1809
1638,1752
1638,1731
1638,1694
1638,1682
1639,1843
1639,1795
1639,1767
1639,1754
1639,1709
1639,1679
1639,1655
1642,3322
1642,3258
1642,3199
1642,3198
1642,3157
1642,2688
1642,2678
1642,1850
1642,1800
1643,1858
1643,1816
1644,1903
1644,1900
1644,1806
1644,1736
1644,1720
1645,1795
1645,1786
1645,1730
1645,1689
1647,1897
1647,1801
1649,1908
1649,1878
1649,1686
1650,1884
1650,1799
1650,1681
1651,1825
1651,1652
1652,1881
1652,1845
1652,1839
1652,1754
1653,2653
1653,1882
1653,1861
1653,1766
1653,1729
1653,1703
1653,1689
1654,1823
1654,1691
1655,1735
1655,1675
1656,3415
1656,3350
1656,3253
1656,1842
1656,1836
1656,1803
1656,1757
1656,1665
1658,1901
1658,1895
1658,1843
1658,1841
1658,1770
1658,1757
1658,1736
1659,2760
1659,1754
1659,1662
1660,1888
1660,1796
1660,1793
1660,1744
1660,1738
1660,1717
1660,1687
1661,1857
1661,1839
1661,1691
1662,2087
1662,1890
1662,1843
1662,1813
1662,1747
1662,1737
1662,1733
1662,1685
1663,2560
1663,2328
1663,1905
1663,1862
1663,1846
1663,1841
1663,1807
1663,1778
1663,1731
1663,1704
1663,1685
1664,1859
1664,1717
1665,1825
1665,1823
1665,1780
1665,1776
1665,1762
1665,1688
1665,1687
1666,3420
1666,3355
1666,3312
1666,3298
1666,3076
1666,3006
1666,2997
1666,2751
1666,1869
1666,1810
1666,1779
1666,1704
1667,1906
1667,1881
1667,1862
1667,1815
1668,1891
1668,1801
1668,1744
1668,1678
1669,1874
1669,1735
1669,1729
1669,1703
1670,1816
1670,1672
1671,1839
1671,1796
1671,1740
1671,1692
1672,1897
1672,1879
1672,1861
1672,1805
1672,1794
1672,1791
1672,1699
1672,1681
1673,1824
1673,1707
1674,3263
1674,1808
1674,1783
1675,1823
1675,1821
1675,1786
1675,1779
1675,1773
1677,1765
1677,1737
1677,1698
1678,1716
1679,1905
1679,1879
1679,1775
1679,1699
1680,1850
1680,1812
1680,1737
1680,1710
1680,1706
1680,1686
1681,1848
1681,1828
1681,1702
1683,1879
1683,1780
1683,1738
1684,1911
1684,1909
1684,1743
1684,1715
1684,1698
1685,1875
1685,1848
1685,1811
1685,1810
1685,1706
1686,1881
1686,1748
1686,1709
1687,1689
1688,2028
1688,1888
1688,1849
1688,1806
1688,1793
1689,1899
1689,1821
1689,1767
1689,1727
1689,1710
1689,1702
1691,1898
1691,1867
1691,1842
1691,1791
1691,1728
1692,1829
1692,1807
1692,1741
1694,1878
1694,1850
1694,1833
1695,1868
1695,1786
1695,1775
1695,1751
1695,1723
1695,1701
1696,1807
1697,1752
1698,1864
1698,1783
1699,1875
1700,1803
1701,1717
1702,2592
1702,2423
1702,2325
1702,2189
1702,2161
1702,1907
1702,1898
1702,1810
1702,1793
1704,1749
1705,1847
1705,1741
1706,1835
1706,1741
1706,1737
1707,2319
1707,1818
1707,1755
1709,1850
1709,1808
1710,2111
1711,1826
1711,1778
1711,1721
1712,1867
1712,1749
1713,1879
1715,1851
1715,1750
1716,1844
1716,1808
1716,1782
1717,1734
1718,2659
1718,2600
1718,2591
1718,2556
1718,2552
1718,2545
1718,2536
1718,2411
1718,2409
1718,2362
1718,2359
1718,2345
1718,2329
1718,2249
1718,2197
1718,2101
1718,1962
1718,1950
1718,1868
1718,1829
1720,1887
1720,1819
1721,1753
1722,1908
1722,1881
1722,1859
1722,1857
1722,1829
1722,1792
1722,1740
1723,1887
1723,1867
1723,1843
1723,1830
1723,1740
1723,1737
1724,1826
1724,1765
1724,1761
1725,1833
1725,1831
1725,1826
1725,1815
1725,1778
1725,1746
1726,3404
1726,3351
1726,3086
1726,3035
1726,2674
1726,1891
1726,1853
1727,1831
1727,1793
1728,1759
1729,1747
1730,1783
1732,1773
1734,1872
1734,1870
1734,1757
1735,1837
1735,1766
1737,1902
1737,1883
1737,1882
1737,1864
1737,1862
1737,1765
1737,1763
1737,1745
1738,1850
1738,1824
1739,1910
1740,1903
1740,1899
1740,1878
1740,1816
1740,1809
1740,1804
1741,1864
1741,1846
1741,1818
1741,1742
1743,1807
1743,1766
1745,1910
1745,1884
1745,1768
1746,1843
1748,1878
1749,1872
1750,1847
1750,1839
1750,1808
1750,1796
1751,1872
1751,1843
1751,1811
1752,1885
1752,1845
1752,1809
1753,1905
1753,1898
1753,1876
1753,1791
1753,1772
1753,1764
1754,2135
1754,1858
1754,1842
1754,1828
1755,1828
1756,1812
1757,2543
1757,1897
1757,1871
1757,1863
1757,1858
1758,3381
1758,3001
1758,2965
1758,2894
1758,1895
1758,1859
1760,1800
1761,2560
1761,1887
1761,1859
1762,1813
1763,1848
1764,1806
1764,1785
1765,2026
1765,1829
1765,1795
1767,1810
1767,1804
1767,1793
1767,1773
1768,1858
1768,1773
1769,1883
1769,1879
1769,1839
1770,1818
1771,1870
1772,1941
1772,1783
1774,1895
1774,1817
1775,1879
1775,1878
1775,1873
1775,1783
1776,1819
1778,1895
1778,1878
1778,1856
1778,1823
1778,1805
1779,1898
1779,1844
1779,1816
1779,1795
1780,2149
1780,1907
1780,1883
1780,1841
1781,1895
1781,1882
1781,1819
1783,1881
1783,1819
1783,1818
1783,1802
1785,1819
1786,1839
1786,1798
1787,1806
1788,1842
1789,1874
1789,1859
1789,1823
1790,1795
1791,1899
1792,1911
1792,1868
1793,1813
1795,1902
1795,1828
1796,1899
1796,1866
1797,1833
1799,1941
1800,1890
1801,1843
1801,1812
1804,1911
1805,1879
1805,1871
1805,1828
1805,1807
1807,1847
1807,1811
1809,1882
1809,1873
1809,1848
1810,1873
1810,1850
1810,1835
1811,1909
1812,1876
1812,1848
1813,2283
1813,1932
1813,1870
1813,1869
1814,1853
1814,1819
1816,1871
1818,1827
1819,1890
1819,1828
1819,1826
1820,1899
1821,1891
1823,1882
1823,1875
1823,1872
1823,1863
1823,1860
1823,1832
1824,1877
1824,1864
1826,2543
1826,1867
1826,1862
1828,1891
1830,1898
1833,2351
1833,1875
1833,1866
1833,1853
1833,1845
1835,1876
1836,1858
1839,1856
1842,2420
1842,2196
1842,2187
1844,1902
1845,1897
1845,1891
1845,1860
1845,1846
1846,2560
1848,1907
1849,1901
1849,1877
1852,1888
1853,2389
1853,1882
1853,1858
1857,1897
1857,1887
1857,1882
1859,1886
1860,3263
1863,2512
1863,2398
1863,2289
1863,2239
1864,1899
1868,1941
1868,1874
1870,1901
1870,1894
1871,1877
1871,1872
1872,1909
1877,1902
1879,2642
1879,2468
1885,1898
1885,1895
1888,2597
1888,2394
1900,1911
1909,2656
1909,2508
1909,2224
1911,2355
1911,1932
1913,2632
1913,2559
1913,2542
1913,2463
1913,2424
1913,2332
1913,2290
1913,2234
1913,1993
1913,1942
1914,2604
1914,2511
1914,2509
1914,2294
1914,2247
1914,2214
1914,2146
1914,1917
1915,2396
1915,2322
1915,2292
1915,1990
1916,2623
1916,2619
1916,2612
1916,2511
1916,2504
1916,2410
1916,2408
1916,2362
1916,2355
1916,2153
1916,2124
1916,2092
1916,2063
1916,2026
1916,1917
1917,2465
1917,2443
1917,2393
1917,2378
1917,2350
1917,2276
1917,2252
1917,2176
1917,2143
1917,2111
1917,2009
1918,2646
1918,2576
1918,2570
1918,2505
1918,2461
1918,2434
1918,2413
1918,2408
1918,2315
1918,2273
1918,2258
1918,2221
1918,2162
1918,2134
1918,2018
1918,1920
1919,2547
1919,2485
1919,2479
1919,2395
1919,2381
1919,2235
1919,2210
1919,2199
1919,2139
1919,2135
1919,2117
1919,2116
1919,1947
1919,1941
1920,2574
1920,2552
1920,2448
1920,2419
1920,2411
1920,2330
1920,2314
1920,2273
1920,2248
1920,2143
1920,2092
1920,2033
1920,1970
1920,1963
1920,1953
1921,2560
1921,2455
1921,2419
1921,2254
1921,2246
1921,2234
1921,2208
1921,2149
1921,2062
1922,2597
1922,2329
1923,2567
1923,2399
1923,2389
1923,2348
1923,2336
1923,2118
1923,2104
1923,2011
1923,1991
1923,1970
1924,2564
1924,2410
1924,2292
1924,2187
1924,1943
1925,2657
1925,2597
1925,2580
1925,2519
1925,2502
1925,2429
1925,2393
1925,2321
1925,2293
1925,2259
1925,2241
1925,2192
1925,2134
1925,2115
1925,2029
1925,1997
1925,1988
1926,2643
1926,2575
1926,2522
1926,2497
1926,2482
1926,2348
1926,2332
1926,2315
1926,2261
1926,2253
1926,2244
1926,2208
1926,2198
1926,2190
1926,2175
1926,2132
1926,2126
1926,2121
1926,2083
1926,2058
1926,2052
1926,1996
1926,1935
1927,2607
1927,2605
1927,2571
1927,2532
1927,2451
1927,2395
1927,2347
1927,2321
1927,2213
1927,2174
1927,2148
1927,1976
1928,2654
1928,2608
1928,2327
1928,2325
1928,2302
1928,2194
1928,2172
1928,2169
1928,2155
1928,2007
1929,2652
1929,2626
1929,2575
1929,2550
1929,2498
1929,2452
1929,2314
1929,2292
1929,2272
1929,2270
1929,2261
1929,2151
1929,2143
1929,2084
1929,1995
1929,1953
1929,1945
1929,1942
1930,2629
1930,2518
1930,2458
1930,2422
1930,2222
1930,2184
1930,2134
1930,2133
1930,2123
1930,2087
1930,2067
1930,2039
1930,2026
1931,2628
1931,2394
1931,2347
1931,2319
1931,2154
1931,2134
1932,2628
1932,2623
1932,2564
1932,2546
1932,2491
1932,2460
1932,2377
1932,2343
1932,2257
1932,2221
1932,2150
1932,2090
1932,2064
1932,2048
1932,1975
1933,2420
1933,2293
1933,2263
1933,2036
1934,2659
1934,2628
1934,2564
1934,2497
1934,2354
1934,2283
1934,2279
1934,2272
1934,2263
1934,2236
1934,2214
1934,2155
1934,2153
1934,2124
1934,2104
1935,2605
1935,2604
1935,2597
1935,2586
1935,2519
1935,2472
1935,2459
1935,2207
1935,2144
1935,2105
1935,2091
1935,2082
1936,2641
1936,2287
1936,2240
1936,2200
1936,2184
1938,2636
1938,2609
1938,2581
1938,2499
1938,2407
1938,2379
1938,2327
1938,2295
1938,2250
1938,2183
1938,2055
1938,1976
1939,2606
1939,2526
1939,2524
1939,2436
1939,2418
1939,2261
1939,2223
1939,2186
1939,2143
1939,1959
1940,2645
1940,2542
1940,2529
1940,2476
1940,2460
1940,2413
1940,2400
1940,2392
1940,2378
1940,2370
1940,2291
1940,2243
1940,2231
1940,2226
1940,2218
1940,2164
1940,2146
1940,2141
1940,2047
1940,1971
1940,1943
1941,2566
1941,2536
1941,2497
1941,2486
1941,2445
1941,2352
1941,2296
1941,2218
1941,2207
1941,2185
1941,2175
1941,2147
1941,2011
1941,1987
1942,2586
1942,2509
1942,2485
1942,2471
1942,2432
1942,2369
1942,2348
1942,2332
1942,2299
1942,2282
1942,2210
1942,2077
1942,2073
1942,2068
1943,2649
1943,2636
1943,2629
1943,2415
1943,2411
1943,2377
1943,2304
1943,2259
1943,2191
1943,2171
1943,2138
1943,2132
1943,1945
1944,2654
1944,2629
1944,2625
1944,2615
1944,2611
1944,2548
1944,2491
1944,2271
1944,2250
1944,2196
1944,2124
1944,2091
1944,2070
1944,2069
1944,1981
1945,2650
1945,2519
1945,2403
1945,2393
1945,2372
1945,2355
1945,2325
1945,2278
1945,2243
1945,2164
1945,2147
1945,2090
1945,2063
1945,1983
1945,1974
1945,1949
1946,2641
1946,2495
1946,2472
1946,2378
1946,2329
1946,2303
1946,2288
1946,2252
1946,2235
1946,2228
1946,2196
1946,2134
1946,1976
1947,2638
1947,2630
1947,2626
1947,2607
1947,2592
1947,2579
1947,2532
1947,2474
1947,2418
1947,2290
1947,2255
1947,2152
1947,2147
1947,2125
1947,2120
1947,2025
1948,2647
1948,2591
1948,2575
1948,2561
1948,2539
1948,2410
1948,2386
1948,2329
1948,2308
1948,2215
1948,2210
1948,2206
1948,2176
1948,2110
1948,2109
1948,1955
1949,2580
1949,2534
1949,2464
1949,2387
1949,2312
1949,2275
1950,2655
1950,2602
1950,2600
1950,2555
1950,2537
1950,2403
1950,2374
1950,2346
1950,2310
1950,2233
1950,2133
1950,2128
1950,2111
1950,2099
1951,2638
1951,2608
1951,2589
1951,2547
1951,2521
1951,2519
1951,2478
1951,2428
1951,2350
1951,2339
1951,2293
1951,2261
1951,2194
1951,2134
1951,2110
1951,2091
1951,2053
1952,2601
1952,2597
1952,2588
1952,2489
1952,2482
1952,2478
1952,2461
1952,2434
1952,2418
1952,2342
1952,2308
1952,2273
1952,2253
1952,2224
1952,2053
1952,2052
1953,2630
1953,2608
1953,2508
1953,2469
1953,2383
1953,2343
1953,2341
1953,2274
1953,2215
1953,2180
1953,2087
1953,2065
1953,1980
1954,2635
1954,2500
1954,2485
1954,2366
1954,2353
1954,2333
1954,2304
1954,2270
1954,2253
1954,2243
1954,2200
1954,2177
1954,2140
1954,2101
1955,2638
1955,2564
1955,2417
1955,2405
1955,2389
1955,2348
1955,2243
1955,2218
1955,2142
1955,2098
1955,2054
1955,2051
1955,2046
1955,2036
1955,2019
1957,2418
1957,2377
1958,2648
1958,2633
1958,2543
1958,2498
1958,2473
1958,2415
1958,2007
1959,2617
1959,2610
1959,2575
1959,2476
1959,2417
1959,2412
1959,2296
1959,2229
1959,2152
1959,2150
1959,2140
1959,2043
1959,2027
1959,1983
1960,2638
1960,2636
1960,2582
1960,2507
1960,2267
1960,2235
1960,2211
1960,2071
1960,2057
1960,2049
1960,2043
1960,1966
1961,2539
1961,2510
1961,2338
1961,2261
1961,2260
1961,2115
1961,2053
1961,2023
1961,1985
1962,2659
1962,2515
1962,2458
1962,2420
1962,2417
1962,2320
1962,2317
1962,2311
1962,2295
1962,2292
1962,2174
1962,2135
1962,2099
1962,1990
1963,2628
1963,2612
1963,2576
1963,2532
1963,2520
1963,2510
1963,2501
1963,2499
1963,2374
1963,2230
1963,2213
1963,2182
1963,2085
1963,1989
1964,2640
1964,2635
1964,2542
1964,2485
1964,2431
1964,2422
1964,2308
1964,2300
1964,2210
1964,2142
1964,2136
1964,2130
1964,2124
1964,2118
1964,2053
1964,1973
1965,2543
1965,2530
1965,2450
1965,2430
1965,2426
1965,2353
1965,2351
1965,2333
1965,2308
1965,2270
1965,2229
1965,2224
1965,2206
1965,2137
1965,2115
1966,2548
1966,2529
1966,2444
1966,2133
1966,2128
1966,2038
1966,2029
1968,2625
1968,2593
1968,2556
1968,2536
1968,2438
1968,2392
1968,2200
1968,2184
1968,2050
1969,2581
1969,2573
1969,2572
1969,2510
1969,2429
1969,2369
1969,2295
1969,2271
1970,2659
1970,2645
1970,2640
1970,2628
1970,2612
1970,2583
1970,2523
1970,2518
1970,2504
1970,2324
1970,2271
1970,2090
1970,2086
1970,2039
1970,1988
1971,2641
1971,2639
1971,2572
1971,2538
1971,2461
1971,2406
1971,2402
1971,2366
1971,2296
1971,2241
1971,2224
1971,2194
1971,2186
1971,2134
1971,2083
1971,1980
1972,2606
1972,2586
1972,2571
1972,2432
1972,2384
1972,2328
1972,2318
1972,2303
1972,2264
1972,2154
1972,2007
1973,2649
1973,2645
1973,2602
1973,2543
1973,2476
1973,2463
1973,2354
1973,2329
1973,2314
1973,2282
1973,2240
1973,2196
1973,2183
1973,2128
1973,2072
1973,2048
1973,2002
1974,2619
1974,2567
1974,2438
1974,2420
1974,2338
1974,2336
1974,2242
1974,2047
1975,2433
1975,2406
1975,2344
1975,2242
1975,2188
1975,2128
1975,2125
1975,2033
1975,2009
1976,2648
1976,2605
1976,2582
1976,2547
1976,2484
1976,2369
1976,2345
1976,2292
1976,2223
1976,2139
1976,2134
1976,2126
1977,2547
1977,2376
1977,2356
1977,2315
1977,2283
1977,2156
1977,2143
1977,2075
1978,2578
1978,2572
1978,2520
1978,2242
1978,2228
1978,2211
1978,2205
1978,2164
1978,2063
1979,2642
1979,2524
1979,2512
1979,2446
1979,2444
1979,2420
1979,2298
1979,2288
1979,2287
1979,2246
1979,2223
1979,2170
1979,2153
1979,2134
1979,2125
1979,2048
1979,2036
1979,2011
1979,1999
1979,1982
1980,2525
1980,2319
1980,2218
1980,2170
1981,2656
1981,2646
1981,2640
1981,2631
1981,2624
1981,2623
1981,2587
1981,2550
1981,2533
1981,2463
1981,2393
1981,2387
1981,2358
1981,2314
1981,2261
1981,2188
1981,2143
1982,2579
1982,2574
1982,2473
1982,2434
1982,2326
1982,2319
1982,2307
1982,2295
1982,2260
1982,2176
1982,2117
1982,1992
1983,2353
1983,2246
1983,2197
1983,2191
1983,2004
1983,1994
1984,2617
1984,2600
1984,2547
1984,2519
1984,2448
1984,2434
1984,2365
1984,2169
1985,2518
1985,2466
1985,2401
1985,2367
1985,2315
1985,2303
1985,2280
1985,2182
1985,2148
1985,2075
1986,2603
1986,2425
1986,2409
1986,2368
1986,2366
1986,2327
1986,2256
1986,2147
1986,2111
1987,2653
1987,2640
1987,2586
1987,2564
1987,2520
1987,2509
1987,2499
1987,2451
1987,2410
1987,2271
1987,2221
1987,2171
1987,2155
1987,2119
1987,2107
1987,2068
1987,2010
1987,1993
1988,2573
1988,2445
1988,2425
1988,2390
1988,2387
1988,2200
1988,2108
1989,2502
1989,2456
1989,2379
1989,2333
1989,2302
1989,2285
1989,2284
1989,2252
1989,2191
1989,2009
1989,1992
1990,2510
1990,2262
1990,2259
1990,2175
1991,2591
1991,2543
1991,2331
1991,2220
1992,2490
1992,2064
1992,2055
1993,2656
1993,2649
1993,2608
1993,2524
1993,2509
1993,2399
1993,2391
1993,2362
1993,2270
1993,2128
1993,1994
1994,2545
1994,2539
1994,2502
1994,2445
1994,2428
1994,2425
1994,2408
1994,2356
1994,2260
1994,2212
1994,2149
1994,2085
1995,2641
1995,2539
1995,2401
1995,2394
1995,2307
1995,2305
1995,2250
1995,2088
1996,2203
1996,2134
1996,2103
1996,2087
1997,2610
1997,2459
1997,2447
1997,2379
1997,2338
1997,2261
1997,2252
1997,2183
1997,2165
1997,2115
1997,2101
1997,2047
1997,2026
1998,2633
1998,2537
1998,2526
1998,2384
1998,2174
1998,2128
1999,2628
1999,2610
1999,2609
1999,2463
1999,2448
1999,2259
1999,2241
1999,2160
1999,2136
1999,2123
1999,2063
1999,2025
1999,2011
2000,2196
2000,2101
2001,2593
2001,2509
2001,2502
2001,2499
2001,2449
2001,2332
2001,2081
2002,2594
2002,2586
2002,2559
2002,2499
2002,2493
2002,2474
2002,2418
2002,2316
2002,2307
2002,2292
2002,2155
2002,2145
2002,2096
2002,2091
2002,2038
2002,2021
2003,2654
2003,2611
2003,2609
2003,2583
2003,2576
2003,2572
2003,2508
2003,2475
2003,2427
2003,2310
2003,2248
2003,2233
2003,2229
2003,2183
2003,2092
2004,2624
2004,2612
2004,2400
2004,2357
2004,2264
2004,2234
2004,2206
2004,2198
2004,2126
2004,2033
2004,2005
2005,2581
2005,2525
2005,2475
2005,2455
2005,2319
2005,2303
2005,2298
2005,2239
2005,2223
2005,2205
2006,2652
2006,2610
2006,2570
2006,2557
2006,2451
2006,2241
2006,2016
2007,2652
2007,2638
2007,2312
2007,2271
2007,2184
2007,2177
2007,2118
2007,2073
2007,2042
2007,2023
2008,2556
2008,2406
2008,2335
2008,2264
2008,2223
2008,2132
2008,2051
2008,2036
2009,2630
2009,2627
2009,2576
2009,2524
2009,2340
2009,2302
2009,2290
2009,2257
2009,2169
2009,2064
2009,2022
2010,2626
2010,2610
2010,2606
2010,2566
2010,2549
2010,2543
2010,2532
2010,2324
2010,2272
2010,2266
2010,2253
2010,2171
2010,2116
2010,2115
2010,2098
2010,2065
2010,2053
2010,2036
2011,2594
2011,2592
2011,2572
2011,2488
2011,2485
2011,2307
2011,2132
2011,2101
2011,2073
2012,2434
2012,2333
2012,2282
2012,2276
2012,2261
2012,2191
2012,2135
2013,2599
2013,2498
2013,2484
2013,2433
2013,2239
2013,2175
2013,2149
2013,2140
2013,2121
2013,2112
2013,2063
2013,2054
2014,2417
2015,2597
2016,2641
2016,2378
2016,2304
2016,2278
2016,2164
2016,2085
2017,2372
2017,2034
2018,2637
2018,2629
2018,2508
2018,2479
2018,2420
2018,2384
2018,2381
2018,2218
2019,2608
2019,2516
2019,2507
2019,2435
2019,2367
2019,2332
2019,2313
2019,2262
2019,2237
2019,2103
2019,2077
2019,2045
2020,2555
2020,2538
2020,2501
2020,2448
2020,2285
2020,2280
2020,2208
2020,2185
2020,2092
2020,2071
2020,2053
2020,2042
2021,2659
2021,2631
2021,2580
2021,2186
2021,2055
2021,2044
2022,2627
2022,2617
2022,2608
2022,2600
2022,2582
2022,2346
2022,2299
2022,2266
2022,2137
2022,2136
2023,2599
2023,2598
2023,2585
2023,2544
2023,2533
2023,2326
2023,2173
2023,2149
2024,2612
2024,2510
2024,2482
2024,2438
2024,2435
2024,2420
2024,2309
2024,2295
2024,2183
2024,2124
2024,2087
2024,2058
2025,2585
2026,2602
2026,2502
2026,2491
2026,2390
2026,2341
2026,2296
2026,2265
2026,2243
2026,2214
2026,2141
2026,2135
2027,2387
2028,2518
2028,2514
2028,2386
2028,2381
2028,2367
2028,2285
2028,2103
2028,2091
2029,2616
2029,2606
2029,2597
2029,2547
2029,2538
2029,2475
2029,2385
2029,2311
2029,2280
2029,2279
2029,2231
2029,2132
2029,2131
2030,2642
2030,2411
2030,2391
2030,2351
2030,2294
2030,2287
2030,2250
2030,2241
2030,2185
2030,2179
2030,2149
2030,2132
2030,2128
2031,2578
2031,2559
2031,2484
2031,2458
2031,2319
2031,2268
2031,2223
2031,2206
2031,2190
2031,2188
2031,2161
2031,2140
2031,2139
2031,2123
2031,2095
2031,2044
2032,2633
2032,2548
2032,2536
2032,2520
2032,2492
2032,2482
2032,2479
2032,2469
2032,2464
2032,2396
2032,2239
2032,2212
2032,2103
2033,2582
2033,2579
2033,2572
2033,2562
2033,2498
2033,2451
2033,2436
2033,2422
2033,2380
2033,2297
2033,2232
2033,2203
2033,2156
2033,2117
2033,2089
2033,2076
2033,2052
2033,2040
2034,2322
2035,2578
2035,2542
2035,2533
2035,2394
2035,2294
2035,2118
2036,2607
2036,2419
2036,2312
2036,2309
2036,2181
2036,2070
2037,2640
2037,2609
2037,2563
2037,2533
2037,2529
2037,2475
2037,2467
2037,2463
2037,2455
2037,2418
2037,2398
2037,2394
2037,2377
2037,2344
2037,2297
2037,2289
2037,2070
2038,2660
2038,2618
2038,2591
2038,2550
2038,2411
2038,2389
2038,2386
2038,2344
2038,2084
2038,2063
2038,2059
2038,2045
2039,2619
2039,2615
2039,2529
2039,2464
2039,2438
2039,2433
2039,2430
2039,2409
2039,2403
2039,2355
2039,2353
2039,2342
2039,2329
2039,2237
2039,2177
2039,2101
2039,2070
2039,2066
2040,2654
2040,2578
2040,2549
2040,2503
2040,2207
2040,2170
2040,2144
2040,2141
2040,2092
2040,2054
2041,2160
2042,2586
2042,2560
2042,2547
2042,2478
2042,2425
2042,2410
2042,2403
2042,2371
2042,2369
2042,2363
2042,2285
2042,2222
2042,2198
2042,2082
2042,2059
2043,2649
2043,2644
2043,2545
2043,2398
2043,2327
2043,2318
2043,2312
2043,2302
2043,2238
2043,2194
2043,2162
2043,2157
2044,2643
2044,2582
2044,2578
2044,2477
2044,2438
2044,2413
2044,2392
2044,2352
2044,2282
2044,2214
2044,2174
2044,2165
2044,2124
2044,2074
2044,2059
2045,2589
2045,2555
2045,2512
2045,2442
2045,2279
2045,2249
2045,2212
2045,2198
2045,2081
2045,2062
2046,2645
2046,2623
2046,2622
2046,2571
2046,2545
2046,2530
2046,2484
2046,2451
2046,2434
2046,2315
2046,2296
2046,2283
2046,2138
2047,2660
2047,2648
2047,2638
2047,2625
2047,2545
2047,2464
2047,2368
2047,2362
2047,2294
2047,2290
2047,2284
2047,2222
2047,2159
2047,2142
2047,2077
2048,2601
2048,2504
2048,2493
2048,2428
2048,2343
2048,2264
2048,2165
2048,2112
2048,2111
2049,2583
2049,2450
2049,2436
2049,2395
2049,2393
2049,2370
2049,2284
2049,2224
2049,2169
2049,2119
2050,2330
2050,2180
2051,2548
2051,2080
2052,2653
2052,2652
2052,2638
2052,2453
2052,2394
2052,2390
2052,2379
2052,2369
2052,2325
2052,2305
2052,2297
2052,2154
2052,2055
2053,2660
2053,2654
2053,2600
2053,2408
2053,2376
2053,2234
2053,2114
2054,2585
2054,2532
2054,2392
2054,2354
2054,2317
2054,2307
2054,2284
2054,2252
2054,2231
2054,2229
2054,2205
2054,2139
2054,2124
2055,2655
2055,2616
2055,2534
2055,2519
2055,2395
2055,2378
2055,2241
2055,2222
2055,2196
2055,2104
2056,2646
2056,2591
2056,2554
2056,2474
2056,2471
2056,2385
2056,2093
2057,2631
2057,2519
2057,2512
2057,2411
2057,2409
2057,2390
2057,2240
2057,2239
2057,2175
2057,2166
2057,2147
2057,2099
2057,2060
2058,2616
2058,2472
2058,2410
2058,2169
2058,2110
2059,2584
2059,2581
2059,2453
2059,2432
2059,2294
2060,2631
2060,2615
2060,2574
2060,2540
2060,2311
2060,2310
2060,2298
2060,2274
2060,2253
2060,2170
2060,2081
2061,2592
2061,2581
2061,2468
2061,2460
2061,2407
2061,2400
2061,2396
2061,2378
2061,2305
2061,2194
2061,2149
2062,2579
2062,2540
2062,2539
2062,2535
2062,2530
2062,2508
2062,2473
2062,2465
2062,2461
2062,2214
2062,2065
2063,2637
2063,2592
2063,2531
2063,2338
2063,2277
2063,2180
2063,2164
2063,2084
2064,2656
2064,2645
2064,2637
2064,2605
2064,2571
2064,2384
2064,2144
2065,2653
2065,2594
2065,2547
2065,2509
2065,2463
2065,2454
2065,2398
2065,2223
2065,2211
2065,2198
2065,2190
2065,2101
2065,2093
2065,2074
2066,2640
2066,2589
2066,2332
2066,2324
2066,2226
2066,2108
2066,2092
2067,2609
2067,2605
2067,2573
2067,2568
2067,2551
2067,2539
2067,2440
2067,2418
2067,2351
2067,2257
2067,2223
2067,2215
2067,2180
2068,2635
2068,2495
2068,2439
2068,2430
2068,2357
2068,2246
2068,2207
2068,2105
2069,2511
2069,2391
2069,2321
2069,2289
2069,2257
2069,2252
2069,2246
2069,2199
2069,2086
2070,2523
2070,2512
2070,2366
2070,2089
2071,2660
2071,2606
2071,2585
2071,2551
2071,2495
2071,2408
2071,2366
2071,2356
2071,2326
2071,2323
2071,2317
2071,2207
2071,2095
2072,2638
2072,2605
2072,2564
2072,2559
2072,2552
2072,2546
2072,2538
2072,2443
2072,2429
2072,2385
2072,2380
2072,2262
2072,2231
2072,2176
2072,2143
2072,2130
2072,2099
2072,2078
2073,2642
2073,2612
2073,2531
2073,2474
2073,2465
2073,2336
2073,2303
2073,2302
2073,2191
2073,2145
2073,2116
2073,2081
2074,2608
2074,2554
2074,2544
2074,2383
2074,2365
2074,2343
2074,2283
2074,2267
2074,2241
2074,2127
2074,2075
2075,2604
2075,2602
2075,2579
2075,2573
2075,2521
2075,2503
2075,2427
2075,2419
2075,2371
2075,2355
2075,2305
2075,2102
2076,2630
2076,2499
2076,2258
2076,2165
2076,2117
2077,2646
2077,2536
2077,2511
2077,2455
2077,2429
2077,2423
2077,2328
2077,2313
2077,2140
2078,2547
2078,2455
2078,2343
2078,2243
2078,2221
2078,2198
2078,2092
2080,2528
2080,2440
2080,2292
2080,2238
2080,2215
2081,2628
2081,2615
2081,2532
2081,2477
2081,2426
2081,2424
2081,2386
2081,2361
2081,2339
2081,2249
2081,2179
2081,2166
2081,2141
2081,2131
2081,2108
2082,2628
2082,2625
2082,2485
2082,2465
2082,2385
2082,2383
2082,2296
2082,2205
2082,2129
2083,2642
2083,2544
2083,2445
2083,2330
2083,2305
2083,2248
2083,2198
2083,2148
2084,2563
2084,2408
2084,2392
2084,2377
2084,2338
2084,2318
2084,2315
2085,2583
2085,2475
2085,2471
2085,2193
2085,2150
2085,2103
2086,2534
2086,2532
2086,2520
2086,2423
2086,2419
2086,2344
2086,2335
2086,2293
2086,2250
2086,2189
2087,2630
2087,2619
2087,2540
2087,2500
2087,2495
2087,2416
2087,2415
2087,2390
2087,2359
2087,2234
2087,2217
2087,2206
2087,2118
2088,2279
2088,2157
2089,2090
2090,2644
2090,2603
2090,2427
2090,2417
2090,2338
2090,2250
2090,2193
2091,2649
2091,2480
2091,2468
2091,2375
2091,2324
2091,2291
2091,2288
2091,2214
2091,2213
2091,2134
2091,2123
2091,2114
2092,2553
2092,2542
2092,2540
2092,2347
2092,2315
2092,2233
2092,2223
2092,2201
2092,2131
2093,2471
2093,2447
2093,2426
2093,2413
2093,2180
2093,2177
2095,2612
2095,2571
2095,2452
2095,2417
2095,2306
2095,2274
2095,2256
2095,2136
2095,2098
2096,2554
2096,2514
2096,2404
2096,2225
2096,2125
2097,2516
2097,2346
2097,2275
2097,2111
2098,2654
2098,2554
2098,2547
2098,2394
2098,2391
2098,2370
2098,2334
2098,2279
2098,2265
2099,2577
2099,2526
2099,2469
2099,2407
2099,2328
2099,2271
2099,2211
2099,2205
2099,2137
2101,2649
2101,2604
2101,2524
2101,2473
2101,2449
2101,2399
2101,2391
2101,2386
2101,2385
2101,2356
2101,2325
2101,2216
2101,2190
2101,2138
2101,2137
2102,2632
2102,2605
2102,2572
2102,2503
2102,2496
2102,2493
2102,2473
2102,2429
2102,2410
2102,2350
2102,2310
2103,2512
2103,2508
2103,2471
2103,2394
2103,2393
2103,2303
2103,2292
2103,2199
2103,2161
2103,2153
2103,2141
2104,2616
2104,2472
2104,2313
2104,2250
2104,2125
2105,2643
2105,2616
2105,2174
2107,2568
2107,2543
2107,2525
2107,2390
2107,2151
2108,2649
2108,2583
2108,2342
2108,2341
2108,2268
2108,2163
2108,2116
2109,2636
2109,2616
2109,2426
2109,2413
2109,2387
2109,2368
2109,2356
2109,2232
2110,2631
2110,2590
2110,2522
2110,2488
2110,2313
2110,2300
2110,2275
2110,2268
2110,2196
2110,2143
2110,2116
2111,2631
2111,2578
2111,2414
2111,2286
2111,2265
2111,2231
2111,2184
2111,2173
2111,2166
2112,2649
2112,2589
2112,2545
2112,2395
2112,2363
2112,2329
2112,2327
2112,2322
2112,2282
2112,2225
2113,2402
2114,2520
2114,2498
2114,2463
2114,2408
2114,2315
2114,2291
2114,2241
2115,2606
2115,2557
2115,2529
2115,2499
2115,2401
2115,2344
2115,2308
2115,2272
2116,2641
2116,2586
2116,2567
2116,2560
2116,2521
2116,2478
2116,2420
2116,2304
2116,2300
2116,2274
2116,2209
2116,2151
2116,2134
2117,2625
2117,2612
2117,2556
2117,2488
2117,2428
2117,2375
2117,2308
2117,2238
2117,2223
2117,2200
2117,2172
2118,2575
2118,2529
2118,2485
2118,2398
2118,2288
2118,2202
2118,2143
2118,2128
2119,2614
2119,2414
2119,2186
2119,2143
2120,2633
2120,2535
2120,2509
2120,2346
2120,2300
2120,2198
2121,2652
2121,2641
2121,2631
2121,2622
2121,2606
2121,2572
2121,2547
2121,2513
2121,2453
2121,2396
2121,2248
2121,2183
2122,2592
2122,2543
2122,2537
2122,2490
2122,2429
2122,2426
2122,2327
2122,2324
2122,2267
2122,2199
2122,2161
2122,2147
2123,2510
2123,2463
2123,2385
2123,2328
2123,2327
2123,2282
2123,2230
2123,2153
2123,2147
2124,2598
2124,2576
2124,2396
2124,2386
2124,2367
2124,2312
2124,2241
2124,2210
2124,2180
2125,2653
2125,2630
2125,2627
2125,2412
2125,2388
2125,2325
2125,2314
2125,2286
2125,2284
2125,2191
2125,2159
2126,2657
2126,2610
2126,2508
2126,2407
2126,2351
2126,2343
2126,2149
2127,2654
2127,2618
2127,2532
2127,2502
2127,2492
2127,2474
2127,2461
2127,2403
2127,2354
2127,2296
2127,2294
2127,2293
2128,2611
2128,2538
2128,2523
2128,2514
2128,2467
2128,2455
2128,2411
2128,2383
2128,2325
2128,2317
2128,2307
2129,2288
2129,2286
2129,2268
2129,2239
2130,2497
2130,2425
2130,2369
2130,2361
2130,2342
2130,2335
2130,2288
2130,2259
2130,2152
2130,2133
2131,2594
2131,2406
2131,2355
2131,2282
2131,2279
2132,2637
2132,2619
2132,2608
2132,2566
2132,2534
2132,2517
2132,2411
2132,2386
2132,2371
2132,2215
2132,2214
2132,2213
2132,2171
2133,2658
2133,2646
2133,2601
2133,2549
2133,2489
2133,2395
2133,2244
2133,2243
2133,2228
2133,2178
2133,2177
2134,2583
2134,2343
2134,2298
2134,2249
2134,2206
2134,2163
2134,2159
2134,2141
2135,2594
2135,2589
2135,2571
2135,2516
2135,2506
2135,2495
2135,2364
2135,2318
2135,2294
2135,2237
2135,2156
2135,2149
2136,2610
2136,2568
2136,2533
2136,2484
2136,2345
2136,2311
2137,2627
2137,2590
2137,2492
2137,2461
2137,2428
2137,2425
2137,2338
2137,2305
2137,2302
2137,2285
2137,2274
2137,2259
2137,2248
2137,2159
2138,2599
2138,2532
2138,2524
2138,2486
2138,2478
2138,2449
2138,2423
2138,2392
2138,2345
2138,2246
2138,2200
2139,2598
2139,2502
2139,2458
2139,2417
2139,2416
2139,2298
2139,2293
2139,2268
2140,2466
2140,2448
2140,2436
2140,2389
2140,2305
2140,2297
2141,2643
2141,2574
2141,2520
2141,2460
2141,2445
2141,2379
2141,2229
2141,2216
2142,2351
2142,2280
2142,2262
2142,2203
2142,2161
2142,2146
2143,2591
2143,2576
2143,2556
2143,2518
2143,2494
2143,2459
2143,2455
2143,2447
2143,2446
2143,2407
2143,2406
2143,2353
2143,2326
2143,2303
2143,2276
2143,2270
2143,2258
2143,2157
2144,2601
2144,2588
2144,2576
2144,2556
2144,2416
2144,2403
2144,2323
2144,2267
2144,2225
2144,2185
2145,2616
2145,2583
2145,2558
2145,2545
2145,2534
2145,2508
2145,2500
2145,2404
2145,2388
2145,2363
2145,2291
2145,2217
2145,2170
2146,2552
2146,2495
2146,2461
2146,2317
2146,2256
2146,2240
2146,2201
2147,2654
2147,2544
2147,2447
2147,2440
2147,2438
2147,2433
2147,2363
2147,2327
2147,2304
2147,2270
2148,2616
2148,2603
2148,2489
2148,2478
2148,2453
2148,2427
2148,2362
2148,2354
2148,2330
2148,2237
2149,2628
2149,2624
2149,2609
2149,2604
2149,2571
2149,2570
2149,2428
2149,2354
2149,2291
2149,2275
2149,2229
2150,2544
2150,2434
2150,2378
2150,2222
2151,2628
2151,2599
2151,2593
2151,2551
2151,2474
2151,2459
2151,2433
2151,2374
2151,2327
2151,2306
2151,2302
2151,2299
2151,2233
2152,2531
2152,2492
2152,2455
2152,2403
2152,2338
2152,2313
2152,2254
2153,2639
2153,2578
2153,2527
2153,2516
2153,2500
2153,2493
2153,2455
2153,2423
2153,2407
2153,2291
2153,2287
2153,2277
2153,2261
2154,2657
2154,2544
2154,2490
2154,2316
2154,2248
2154,2219
2154,2171
2155,2589
2155,2512
2155,2339
2155,2271
2156,2629
2156,2494
2156,2397
2156,2329
2156,2275
2156,2266
2157,2465
2157,2449
2157,2325
2157,2227
2157,2190
2157,2163
2158,2410
2159,2410
2159,2321
2159,2221
2159,2187
2160,2658
2160,2424
2160,2261
2160,2213
2160,2199
2161,2581
2161,2566
2161,2503
2161,2465
2161,2452
2161,2370
2161,2323
2161,2314
2161,2277
2161,2244
2161,2210
2161,2206
2161,2185
2162,2574
2162,2498
2162,2489
2162,2488
2162,2427
2162,2373
2162,2360
2162,2342
2162,2254
2163,2653
2163,2590
2163,2567
2163,2479
2163,2458
2163,2428
2163,2414
2163,2356
2163,2351
2163,2327
2163,2300
2163,2282
2163,2244
2163,2239
2163,2213
2163,2192
2163,2182
2163,2176
2163,2165
2164,2620
2164,2619
2164,2553
2164,2538
2164,2500
2164,2476
2164,2461
2164,2445
2164,2327
2164,2232
2164,2223
2164,2217
2164,2186
2164,2173
2165,2659
2165,2576
2165,2531
2165,2512
2165,2511
2165,2494
2165,2436
2165,2417
2165,2284
2165,2253
2165,2247
2165,2222
2165,2189
2165,2183
2165,2166
2166,2546
2166,2278
2166,2247
2166,2187
2169,2655
2169,2602
2169,2581
2169,2554
2169,2544
2169,2504
2169,2486
2169,2454
2169,2393
2169,2363
2169,2306
2169,2288
2169,2267
2169,2264
2169,2244
2169,2231
2169,2230
2169,2228
2169,2215
2170,2526
2170,2477
2170,2445
2170,2307
2170,2278
2170,2220
2171,2547
2171,2475
2171,2341
2171,2327
2171,2307
2171,2264
2172,2638
2172,2567
2172,2501
2172,2472
2172,2342
2172,2292
2172,2225
2172,2203
2172,2175
2173,2445
2173,2328
2173,2283
2173,2177
2174,2579
2174,2532
2174,2474
2174,2468
2174,2466
2174,2424
2174,2402
2174,2396
2174,2395
2174,2331
2174,2322
2174,2304
2174,2235
2174,2196
2175,2619
2175,2580
2175,2568
2175,2536
2175,2526
2175,2327
2175,2319
2175,2280
2175,2275
2175,2273
2175,2260
2175,2247
2176,2645
2176,2638
2176,2625
2176,2611
2176,2544
2176,2535
2176,2524
2176,2508
2176,2507
2176,2474
2176,2424
2176,2418
2176,2396
2176,2390
2176,2326
2176,2306
2176,2271
2176,2258
2176,2236
2176,2179
2177,2556
2177,2507
2177,2420
2177,2254
2179,2629
2179,2549
2179,2407
2179,2340
2179,2328
2179,2292
2179,2262
2180,2503
2180,2501
2180,2474
2180,2404
2180,2362
2180,2317
2180,2306
2180,2288
2180,2270
2180,2262
2181,2652
2181,2523
2181,2475
2181,2388
2181,2361
2182,2635
2182,2594
2182,2557
2182,2543
2182,2366
2182,2275
2182,2266
2182,2254
2182,2210
2183,2605
2183,2581
2183,2553
2183,2487
2183,2479
2183,2464
2183,2442
2183,2408
2183,2331
2183,2285
2183,2274
2183,2251
2183,2203
2183,2201
2184,2599
2184,2598
2184,2519
2184,2517
2184,2512
2184,2475
2184,2417
2184,2365
2184,2289
2184,2241
2185,2654
2185,2643
2185,2617
2185,2496
2185,2479
2185,2478
2185,2328
2185,2321
2185,2196
2185,2190
2186,2639
2186,2632
2186,2472
2186,2468
2186,2363
2186,2333
2186,2326
2186,2309
2186,2286
2187,2606
2187,2602
2187,2540
2187,2534
2187,2532
2187,2529
2187,2517
2187,2468
2187,2386
2187,2363
2187,2270
2188,2635
2188,2532
2188,2445
2188,2398
2188,2365
2188,2355
2188,2310
2188,2284
2188,2282
2189,2614
2189,2583
2189,2461
2189,2446
2189,2401
2189,2374
2189,2366
2189,2362
2189,2329
2189,2259
2189,2253
2189,2248
2189,2246
2189,2240
2189,2209
2190,2567
2190,2509
2190,2399
2190,2371
2190,2358
2190,2274
2191,2650
2191,2553
2191,2546
2191,2539
2191,2491
2191,2482
2191,2433
2191,2392
2191,2296
2191,2277
2191,2227
2191,2218
2192,2507
2192,2489
2192,2467
2192,2427
2192,2325
2192,2305
2192,2273
2192,2267
2192,2213
2193,2574
2193,2547
2193,2536
2193,2532
2193,2300
2194,2589
2194,2558
2194,2531
2194,2476
2194,2448
2194,2385
2194,2350
2194,2342
2194,2295
2194,2201
2196,2616
2196,2610
2196,2604
2196,2563
2196,2550
2196,2492
2196,2415
2196,2363
2196,2337
2196,2306
2196,2257
2196,2200
2197,2566
2197,2523
2197,2495
2197,2419
2197,2334
2197,2332
2197,2287
2197,2271
2197,2251
2197,2220
2198,2635
2198,2578
2198,2533
2198,2510
2198,2484
2198,2361
2198,2354
2198,2312
2198,2288
2198,2271
2199,2540
2199,2529
2199,2478
2199,2474
2199,2276
2199,2218
2199,2211
2199,2208
2200,2609
2200,2608
2200,2588
2200,2578
2200,2550
2200,2510
2200,2450
2200,2295
2200,2259
2200,2202
2201,2654
2201,2642
2201,2628
2201,2584
2201,2503
2201,2488
2201,2440
2201,2413
2201,2400
2201,2293
2201,2274
2201,2259
2201,2247
2202,2600
2202,2491
2202,2324
2202,2278
2203,2637
2203,2623
2203,2480
2203,2282
2205,2603
2205,2532
2205,2517
2205,2452
2205,2365
2205,2357
2205,2295
2205,2250
2206,2581
2206,2512
2206,2458
2206,2401
2206,2335
2206,2332
2206,2258
2207,2407
2207,2399
2207,2291
2207,2244
2208,2602
2208,2558
2208,2496
2208,2390
2208,2371
2208,2366
2208,2363
2208,2343
2208,2300
2208,2294
2208,2278
2208,2253
2208,2252
2208,2249
2209,2652
2209,2600
2209,2542
2209,2539
2209,2536
2209,2450
2209,2414
2209,2355
2209,2298
2209,2292
2209,2285
2209,2279
2209,2271
2209,2256
2210,2646
2210,2641
2210,2538
2210,2509
2210,2409
2210,2406
2210,2315
2210,2303
2211,2641
2211,2627
2211,2578
2211,2568
2211,2549
2211,2460
2211,2438
2211,2383
2211,2364
2211,2257
2211,2234
2212,2579
2212,2472
2212,2349
2212,2336
2212,2321
2212,2225
2212,2216
2213,2655
2213,2588
2213,2524
2213,2498
2213,2413
2213,2385
2213,2347
2213,2318
2213,2216
2214,2652
2214,2609
2214,2593
2214,2589
2214,2578
2214,2545
2214,2537
2214,2414
2214,2402
2214,2303
2214,2260
2215,2622
2215,2584
2215,2552
2215,2520
2215,2465
2215,2440
2215,2420
2215,2375
2215,2370
2215,2300
2215,2280
2216,2641
2216,2605
2216,2598
2216,2506
2216,2475
2216,2368
2216,2313
2216,2292
2216,2288
2217,2644
2217,2477
2217,2389
2217,2387
2217,2292
2218,2603
2218,2580
2218,2534
2218,2322
2218,2311
2218,2296
2218,2234
2219,2642
2219,2559
2219,2434
2219,2415
2220,2603
2220,2582
2220,2518
2220,2479
2220,2426
2221,2605
2221,2597
2221,2499
2221,2469
2221,2446
2221,2428
2221,2332
2221,2274
2221,2267
2221,2266
2221,2265
2221,2252
2222,2625
2222,2549
2222,2512
2222,2444
2222,2429
2222,2411
2222,2368
2222,2362
2222,2335
2223,2618
2223,2609
2223,2602
2223,2577
2223,2561
2223,2476
2223,2389
2223,2387
2223,2276
2223,2265
2223,2240
2223,2235
2224,2648
2224,2600
2224,2544
2224,2431
2224,2401
2224,2399
2224,2348
2224,2226
2225,2544
2225,2458
2225,2356
2225,2293
2225,2249
2226,2600
2226,2523
2226,2468
2226,2365
2226,2279
2226,2272
2226,2271
2227,2614
2227,2528
2228,2648
2228,2521
2228,2315
2228,2301
2228,2268
2228,2252
2229,2649
2229,2644
2229,2554
2229,2510
2229,2471
2229,2366
2230,2600
2230,2459
2230,2315
2231,2530
2231,2456
2231,2419
2231,2275
2231,2274
2232,2629
2232,2529
2232,2501
2232,2449
2232,2440
2232,2362
2232,2288
2232,2253
2232,2248
2233,2599
2233,2488
2233,2467
2233,2463
2233,2445
2233,2420
2233,2371
2233,2312
2233,2255
2234,2524
2234,2511
2234,2497
2234,2442
2234,2430
2234,2394
2234,2326
2234,2324
2234,2261
2235,2607
2235,2539
2235,2518
2235,2485
2235,2395
2235,2326
2235,2291
2235,2275
2235,2261
2236,2566
2236,2556
2236,2510
2236,2497
2236,2477
2236,2469
2236,2447
2236,2416
2236,2408
2237,2568
2237,2536
2237,2468
2238,2630
2238,2586
2238,2545
2238,2280
2239,2653
2239,2606
2239,2570
2239,2557
2239,2525
2239,2474
2239,2438
2239,2417
2239,2410
2239,2402
2239,2381
2239,2302
2239,2301
2239,2298
2239,2244
2239,2241
2240,2659
2240,2610
2240,2567
2240,2445
2240,2349
2240,2280
2240,2277
2241,2581
2241,2561
2241,2549
2241,2539
2241,2492
2241,2485
2241,2366
2241,2252
2242,2449
2242,2411
2242,2335
2243,2659
2243,2564
2243,2529
2243,2506
2243,2432
2243,2427
2243,2335
2243,2310
2244,2582
2244,2545
2244,2519
2244,2449
2244,2445
2244,2435
2244,2325
2246,2657
2246,2559
2246,2484
2246,2468
2246,2442
2246,2284
2246,2262
2246,2259
2247,2583
2247,2517
2247,2486
2247,2406
2247,2402
2247,2318
2247,2275
2248,2558
2248,2340
2248,2318
2248,2311
2249,2646
2249,2638
2249,2636
2249,2585
2249,2571
2249,2433
2250,2534
2250,2530
2250,2506
2250,2404
2250,2381
2250,2356
2250,2350
2250,2348
2250,2320
2250,2290
2251,2659
2252,2616
2252,2568
2252,2506
2252,2398
2252,2350
2252,2338
2252,2273
2253,2579
2253,2404
2253,2317
2254,2590
2254,2555
2254,2529
2254,2521
2254,2495
2254,2374
2254,2339
2254,2337
2255,2257
2256,2581
2256,2570
2256,2502
2256,2419
2256,2407
2256,2357
2256,2323
2257,2591
2257,2561
2257,2557
2257,2461
2257,2415
2257,2336
2258,2609
2258,2553
2258,2517
2258,2516
2258,2452
2258,2395
2258,2353
2258,2298
2258,2273
2259,2641
2259,2588
2259,2534
2259,2515
2259,2448
2259,2386
2259,2302
2260,2658
2260,2616
2260,2579
2260,2543
2260,2523
2260,2503
2260,2371
2260,2354
2260,2350
2260,2323
2260,2306
2260,2302
2261,2571
2261,2546
2261,2467
2261,2417
2261,2378
2261,2343
2261,2291
2262,2654
2262,2517
2262,2515
2262,2484
2262,2475
2262,2474
2262,2340
2262,2327
2264,2601
2264,2571
2264,2567
2264,2554
2264,2494
2264,2435
2264,2429
2264,2419
2264,2415
2264,2392
2264,2318
2264,2308
2265,2436
2265,2379
2265,2376
2265,2313
2266,2642
2266,2605
2266,2463
2266,2448
2266,2327
2267,2658
2267,2580
2267,2551
2267,2522
2267,2471
2267,2465
2267,2379
2267,2370
2267,2354
2267,2330
2268,2658
2268,2622
2268,2467
2268,2390
2268,2380
2268,2282
2270,2652
2270,2598
2270,2585
2270,2518
2270,2304
2270,2302
2271,2653
2271,2603
2271,2567
2271,2416
2271,2287
2272,2611
2272,2598
2272,2566
2272,2534
2272,2508
2272,2451
2272,2449
2272,2438
2272,2384
2272,2309
2272,2280
2273,2631
2273,2521
2273,2436
2273,2412
2273,2401
2273,2339
2274,2592
2274,2497
2274,2474
2274,2381
2274,2361
2274,2340
2274,2327
2274,2320
2274,2292
2275,2597
2275,2592
2275,2530
2275,2450
2275,2426
2275,2411
2275,2385
2276,2592
2276,2521
2276,2454
2276,2351
2277,2625
2277,2598
2277,2431
2277,2409
2277,2405
2277,2300
2278,2536
2278,2522
2278,2516
2278,2445
2278,2430
2278,2385
2278,2383
2278,2335
2279,2641
2279,2624
2279,2619
2279,2545
2279,2484
2279,2459
2279,2429
2279,2410
2279,2344
2280,2498
2280,2359
2280,2356
2280,2339
2282,2581
2282,2572
2282,2562
2282,2539
2282,2528
2282,2474
2282,2339
2282,2323
2282,2309
2283,2591
2283,2494
2283,2413
2283,2410
2283,2397
2283,2298
2283,2284
2284,2609
2284,2592
2284,2505
2284,2449
2285,2630
2285,2619
2285,2582
2285,2538
2285,2491
2285,2370
2286,2587
2287,2612
2287,2586
2287,2557
2287,2436
2287,2430
2287,2372
2287,2350
2287,2312
2287,2302
2287,2295
2288,2646
2288,2629
2288,2604
2288,2576
2288,2460
2288,2401
2288,2311
2288,2308
2289,2646
2289,2624
2289,2544
2289,2497
2289,2427
2289,2414
2289,2409
2289,2403
2289,2391
2289,2386
2289,2321
2289,2312
2289,2295
2290,2643
2290,2640
2290,2567
2290,2554
2290,2420
2291,2652
2291,2639
2291,2606
2291,2478
2291,2428
2291,2340
2291,2328
2292,2640
2292,2593
2292,2577
2292,2503
2292,2469
2292,2443
2292,2398
2292,2298
2293,2616
2293,2583
2293,2538
2293,2379
2294,2638
2294,2601
2294,2584
2294,2581
2294,2570
2294,2568
2294,2556
2294,2486
2294,2404
2294,2385
2294,2381
2294,2367
2294,2303
2295,2660
2295,2646
2295,2512
2295,2451
2295,2440
2295,2381
2295,2369
2295,2329
2295,2311
2296,2532
2296,2488
2296,2463
2296,2423
2296,2420
2296,2411
2296,2385
2296,2376
2296,2340
2297,2657
2297,2517
2298,2576
2298,2449
2298,2404
2298,2399
2298,2398
2298,2397
2298,2381
2299,2566
2299,2393
2299,2386
2299,2333
2299,2327
2299,2325
2300,2632
2300,2516
2300,2400
2300,2329
2300,2302
2301,2587
2301,2361
2301,2313
2302,2610
2302,2578
2302,2526
2302,2467
2302,2464
2302,2445
2302,2417
2302,2401
2302,2398
2303,2655
2303,2640
2303,2554
2303,2474
2303,2430
2304,2604
2304,2591
2304,2575
2304,2474
2304,2472
2304,2392
2304,2334
2304,2312
2305,2592
2305,2590
2305,2540
2305,2497
2305,2475
2305,2448
2305,2367
2306,2641
2306,2584
2306,2554
2306,2547
2306,2529
2307,2631
2307,2616
2307,2608
2307,2547
2307,2533
2307,2474
2307,2396
2307,2355
2307,2347
2308,2436
2308,2396
2308,2329
2309,2545
2309,2401
2309,2396
2309,2330
2310,2576
2310,2564
2310,2552
2310,2452
2310,2436
2310,2316
2311,2597
2311,2586
2311,2543
2311,2534
2311,2486
2311,2414
2311,2355
2311,2347
2311,2339
2312,2657
2312,2635
2312,2557
2312,2534
2312,2506
2312,2409
2312,2363
2312,2351
2312,2340
2313,2647
2313,2563
2313,2554
2313,2551
2313,2469
2313,2464
2313,2463
2313,2399
2313,2329
2314,2655
2314,2638
2314,2563
2314,2509
2314,2415
2314,2414
2314,2371
2314,2336
2315,2653
2315,2578
2315,2551
2315,2520
2315,2508
2315,2413
2315,2404
2315,2380
2315,2357
2315,2345
2316,2623
2316,2547
2316,2441
2317,2377
2317,2370
2317,2341
2318,2618
2318,2603
2318,2591
2318,2588
2318,2544
2318,2469
2318,2460
2318,2328
2319,2500
2319,2378
2319,2337
2320,2542
2320,2394
2321,2352
2322,2598
2322,2503
2322,2343
2322,2336
2322,2334
2323,2475
2323,2379
2323,2329
2324,2609
2324,2588
2324,2566
2324,2429
2324,2377
2324,2372
2324,2371
2325,2617
2325,2605
2325,2604
2325,2540
2325,2469
2325,2460
2325,2447
2325,2420
2325,2385
2325,2381
2325,2368
2325,2333
2325,2329
2326,2627
2326,2626
2326,2617
2326,2531
2326,2530
2326,2518
2326,2501
2327,2636
2327,2626
2327,2574
2327,2549
2327,2532
2327,2449
2327,2387
2327,2352
2328,2641
2328,2637
2328,2614
2328,2566
2328,2526
2328,2495
2328,2449
2328,2435
2328,2348
2329,2503
2329,2393
2330,2642
2330,2532
2330,2521
2330,2512
2330,2508
2330,2394
2330,2389
2330,2341
2331,2589
2331,2461
2331,2426
2331,2383
2332,2648
2332,2583
2332,2578
2332,2547
2332,2520
2332,2517
2332,2460
2332,2374
2333,2628
2333,2609
2333,2583
2333,2504
2333,2454
2333,2430
2333,2412
2333,2367
2333,2334
2334,2652
2334,2544
2334,2523
2334,2498
2334,2416
2334,2408
2335,2635
2335,2611
2335,2560
2335,2554
2335,2532
2335,2496
2335,2398
2335,2352
2336,2530
2336,2404
2337,2582
2337,2495
2337,2488
2338,2631
2338,2607
2338,2591
2338,2583
2338,2574
2338,2557
2338,2486
2338,2450
2338,2426
2338,2392
2338,2363
2338,2341
2339,2592
2339,2582
2339,2540
2339,2474
2340,2498
2340,2466
2340,2445
2340,2399
2340,2387
2340,2344
2341,2550
2341,2406
2342,2611
2342,2449
2342,2432
2342,2398
2343,2637
2343,2620
2343,2576
2343,2542
2343,2468
2343,2465
2343,2430
2343,2378
2343,2365
2344,2641
2344,2561
2344,2539
2344,2504
2344,2400
2344,2376
2345,2649
2345,2591
2345,2564
2345,2411
2345,2347
2346,2582
2347,2594
2348,2580
2348,2563
2348,2519
2348,2445
2348,2438
2349,2518
2349,2508
2349,2423
2349,2384
2350,2598
2350,2590
2350,2465
2350,2415
2350,2374
2350,2352
2351,2658
2351,2614
2351,2582
2351,2580
2351,2560
2351,2551
2351,2501
2351,2478
2351,2476
2351,2399
2351,2370
2352,2649
2352,2622
2352,2588
2352,2584
2352,2582
2352,2534
2352,2501
2352,2491
2352,2473
2352,2448
2352,2442
2352,2364
2353,2587
2353,2581
2353,2413
2353,2407
2354,2609
2355,2659
2355,2364
2356,2606
2356,2588
2356,2568
2356,2476
2356,2407
2357,2629
2357,2482
2357,2368
2358,2543
2358,2478
2358,2461
2358,2402
2358,2387
2359,2660
2359,2537
2359,2397
2361,2533
2361,2474
2361,2453
2361,2381
2361,2372
2362,2430
2362,2394
2363,2592
2363,2502
2363,2378
2364,2576
2364,2559
2364,2482
2364,2464
2365,2604
2365,2473
2365,2459
2366,2619
2366,2617
2366,2611
2366,2604
2366,2585
2366,2568
2366,2543
2366,2537
2367,2643
2367,2615
2367,2585
2367,2580
2367,2572
2367,2565
2367,2462
2367,2416
2367,2401
2368,2655
2368,2606
2368,2602
2368,2573
2368,2462
2368,2448
2368,2440
2369,2637
2369,2636
2369,2558
2369,2547
2369,2502
2369,2472
2370,2652
2370,2609
2370,2606
2370,2517
2370,2506
2370,2485
2370,2466
2371,2655
2371,2607
2371,2597
2371,2564
2371,2532
2371,2391
2372,2630
2372,2624
2372,2603
2372,2601
2372,2451
2372,2443
2372,2412
2372,2401
2372,2390
2373,2431
2374,2613
2374,2597
2374,2524
2374,2391
2375,2537
2376,2637
2376,2636
2376,2588
2376,2543
2376,2516
2376,2474
2376,2448
2376,2417
2377,2647
2377,2538
2377,2530
2377,2484
2377,2440
2377,2435
2378,2629
2378,2577
2378,2486
2378,2445
2378,2438
2378,2396
2379,2521
2379,2461
2379,2445
2380,2652
2380,2642
2380,2599
2380,2561
2380,2432
2380,2392
2380,2388
2381,2628
2381,2581
2381,2579
2381,2511
2381,2472
2381,2412
2381,2393
2383,2611
2383,2586
2383,2518
2383,2517
2383,2468
2383,2454
2384,2503
2384,2406
2385,2564
2385,2537
2385,2509
2385,2397
2386,2619
2386,2502
2386,2397
2387,2635
2387,2609
2387,2588
2387,2564
2387,2554
2387,2547
2387,2489
2387,2407
2389,2597
2389,2537
2389,2471
2389,2449
2389,2423
2389,2396
2390,2618
2390,2597
2390,2564
2390,2502
2390,2496
2390,2492
2390,2424
2391,2654
2391,2652
2391,2604
2391,2601
2391,2590
2391,2579
2391,2520
2391,2485
2391,2410
2391,2398
2392,2653
2392,2536
2392,2525
2392,2521
2392,2475
2392,2452
2392,2416
2392,2409
2393,2613
2393,2582
2393,2572
2393,2560
2393,2556
2393,2508
2393,2495
2393,2468
2393,2464
2393,2394
2394,2627
2394,2623
2394,2593
2394,2522
2395,2524
2395,2461
2396,2638
2396,2616
2396,2538
2396,2500
2396,2423
2397,2608
2397,2546
2397,2472
2397,2429
2398,2619
2398,2586
2398,2552
2398,2550
2398,2529
2398,2485
2398,2434
2399,2656
2400,2606
2400,2604
2400,2467
2401,2616
2401,2615
2401,2557
2401,2490
2402,2608
2402,2582
2403,2616
2403,2612
2403,2592
2403,2458
2404,2585
2404,2458
2405,2497
2406,2648
2406,2639
2406,2609
2406,2520
2406,2518
2407,2492
2408,2582
2408,2568
2408,2554
2408,2474
2408,2447
2409,2629
2409,2432
2410,2657
2410,2651
2410,2418
2411,2642
2411,2570
2411,2556
2411,2530
2411,2478
2411,2438
2413,2641
2413,2615
2413,2609
2413,2533
2413,2491
2414,2584
2415,2520
2415,2507
2415,2492
2415,2472
2416,2593
2416,2589
2416,2540
2416,2522
2416,2485
2417,2630
2417,2591
2417,2522
2417,2512
2417,2469
2417,2438
2417,2433
2418,2549
2418,2547
2418,2533
2418,2525
2418,2511
2418,2432
2419,2659
2419,2631
2419,2563
2419,2561
2419,2532
2419,2517
2419,2497
2420,2646
2420,2639
2420,2606
2420,2573
2420,2557
2420,2489
2420,2453
2422,2431
2423,2635
2423,2547
2423,2479
2424,2610
2424,2498
2425,2657
2425,2652
2426,2593
2426,2556
2426,2520
2427,2653
2427,2623
2427,2603
2427,2590
2427,2482
2427,2451
2428,2637
2428,2589
2428,2513
2428,2480
2429,2643
2429,2602
2429,2597
2429,2484
2429,2464
2429,2442
2430,2654
2430,2574
2430,2568
2430,2530
2430,2503
2432,2649
2432,2582
2432,2577
2432,2490
2432,2474
2433,2554
2433,2506
2433,2465
2433,2445
2434,2636
2434,2630
2434,2564
2434,2545
2435,2657
2435,2607
2435,2547
2436,2628
2436,2570
2436,2559
2436,2460
2438,2644
2438,2641
2438,2559
2438,2553
2439,2584
2440,2564
2440,2560
2440,2500
2441,2548
2442,2584
2442,2560
2442,2522
2442,2515
2442,2501
2443,2593
2443,2559
2443,2540
2443,2506
2443,2500
2443,2469
2443,2465
2443,2461
2443,2458
2443,2446
2445,2619
2445,2613
2445,2594
2445,2578
2445,2454
2445,2448
2446,2597
2446,2580
2446,2536
2446,2518
2446,2498
2446,2469
2447,2465
2448,2506
2448,2474
2449,2653
2449,2642
2449,2619
2449,2609
2449,2560
2449,2547
2449,2527
2449,2521
2449,2467
2450,2576
2450,2546
2451,2643
2451,2571
2451,2536
2451,2496
2451,2490
2451,2454
2452,2599
2453,2544
2454,2489
2455,2598
2455,2474
2456,2655
2458,2639
2458,2628
2458,2593
2458,2519
2458,2507
2458,2476
2458,2465
2459,2633
2459,2542
2459,2533
2459,2462
2460,2635
2460,2606
2460,2530
2460,2503
2460,2475
2461,2657
2461,2628
2461,2590
2461,2476
2462,2563
2462,2502
2462,2465
2463,2652
2463,2572
2463,2499
2463,2493
2463,2472
2464,2628
2464,2581
2464,2577
2464,2491
2465,2649
2465,2603
2465,2591
2465,2548
2465,2547
2465,2529
2465,2484
2466,2653
2466,2485
2467,2631
2467,2485
2468,2609
2468,2591
2468,2537
2468,2477
2469,2567
2471,2635
2471,2630
2471,2610
2471,2530
2471,2513
2471,2506
2472,2660
2472,2654
2472,2649
2472,2622
2472,2591
2472,2557
2473,2633
2473,2610
2473,2551
2473,2545
2473,2532
2473,2526
2473,2517
2474,2647
2474,2623
2475,2657
2475,2583
2475,2534
2475,2492
2475,2486
2476,2660
2476,2574
2477,2602
2477,2584
2477,2538
2478,2520
2478,2515
2478,2506
2478,2492
2479,2623
2479,2612
2479,2590
2479,2584
2479,2512
2479,2499
2479,2488
2480,2604
2480,2552
2480,2536
2480,2524
2480,2521
2480,2500
2480,2496
2482,2617
2482,2554
2482,2547
2482,2525
2482,2518
2482,2508
2484,2616
2484,2550
2484,2499
2485,2622
2485,2550
2485,2491
2485,2486
2486,2653
2486,2600
2486,2581
2486,2576
2486,2573
2488,2562
2489,2568
2489,2566
2489,2545
2489,2497
2490,2649
2490,2640
2490,2611
2491,2655
2491,2581
2491,2534
2491,2513
2491,2507
2492,2579
2492,2530
2493,2511
2494,2611
2494,2585
2494,2529
2494,2507
2495,2572
2495,2567
2495,2511
2495,2510
2495,2498
2496,2603
2496,2591
2496,2577
2497,2593
2497,2522
2497,2508
2498,2605
2498,2552
2498,2511
2499,2609
2500,2649
2500,2585
2501,2644
2501,2588
2501,2525
2502,2659
2502,2628
2502,2602
2502,2600
2502,2524
2503,2598
2503,2550
2503,2512
2504,2581
2504,2531
2504,2522
2504,2510
2505,2572
2506,2659
2506,2556
2506,2536
2507,2598
2507,2581
2507,2537
2508,2605
2508,2593
2508,2580
2508,2575
2508,2568
2509,2540
2511,2637
2511,2624
2511,2619
2511,2606
2511,2586
2512,2626
2512,2529
2514,2580
2514,2544
2516,2558
2517,2631
2517,2582
2517,2563
2517,2522
2518,2646
2518,2601
2519,2655
2519,2631
2519,2537
2519,2536
2519,2526
2520,2572
2521,2653
2521,2637
2521,2631
2521,2617
2521,2613
2521,2588
2521,2584
2521,2570
2521,2559
2521,2549
2521,2538
2522,2601
2522,2594
2522,2590
2522,2539
2523,2598
2523,2597
2523,2530
2524,2590
2524,2542
2525,2577
2526,2646
2527,2588
2529,2642
2529,2553
2529,2536
2529,2534
2530,2646
2530,2641
2530,2638
2530,2590
2530,2532
2531,2567
2531,2563
2532,2571
2532,2564
2532,2543
2533,2656
2537,2614
2537,2610
2537,2582
2537,2566
2537,2561
2537,2556
2538,2603
2538,2556
2538,2553
2540,2652
2540,2643
2540,2639
2540,2636
2540,2624
2542,2597
2542,2580
2543,2622
2543,2613
2543,2553
2544,2654
2544,2606
2544,2586
2545,2642
2545,2625
2545,2589
2546,2547
2547,2658
2547,2599
2547,2577
2547,2565
2547,2564
2548,2646
2549,2659
2549,2649
2549,2632
2549,2628
2550,2638
2550,2603
2550,2589
2550,2555
2551,2641
2551,2637
2551,2617
2551,2613
2551,2605
2552,2567
2554,2638
2555,2602
2560,2651
2561,2584
2562,2632
2563,2585
2564,2620
2564,2588
2564,2585
2564,2582
2565,2611
2566,2598
2570,2644
2571,2612
2572,2583
2572,2580
2574,2586
2575,2588
2575,2584
2577,2649
2577,2644
2579,2649
2579,2646
2579,2644
2579,2600
2579,2589
2580,2612
2580,2591
2580,2586
2581,2613
2582,2642
2586,2606
2590,2627
2591,2623
2592,2642
2593,2650
2593,2623
2594,2605
2597,2660
2597,2650
2597,2624
2598,2639
2598,2620
2598,2610
2598,2604
2599,2635
2599,2605
2604,2650
2605,2613
2608,2615
2609,2635
2610,2642
2613,2616
2616,2658
2616,2637
2616,2631
2616,2623
2623,2654
2624,2637
2624,2628
2625,2659
2631,2650
2631,2649
2640,2653
2642,2654
2643,2654
2661,3323
2661,3209
2661,3173
2661,3151
2661,3106
2661,3041
2661,2999
2661,2968
2661,2951
2662,3340
2662,3285
2662,3240
2662,3171
2662,3146
2662,3049
2662,3035
2662,3016
2662,2990
2662,2685
2663,3226
2663,3000
2663,2988
2663,2867
2663,2849
2663,2746
2663,2745
2664,3417
2664,3351
2664,3320
2664,3315
2664,3243
2664,3089
2664,2868
2664,2810
2665,3321
2665,3172
2665,3148
2665,3109
2665,3094
2665,3021
2665,2970
2665,2853
2665,2828
2665,2755
2665,2738
2665,2733
2665,2674
2666,3236
2666,3140
2666,3137
2666,3135
2666,3075
2666,3036
2666,2835
2667,3359
2668,3320
2668,3265
2668,3132
2668,3032
2668,2915
2668,2910
2668,2789
2668,2747
2669,3414
2669,3378
2669,3246
2669,3021
2669,2915
2669,2895
2669,2720
2672,3433
2672,3347
2672,3240
2672,3207
2672,3199
2672,3138
2672,3050
2672,3039
2672,3010
2672,2936
2672,2780
2672,2744
2673,3430
2673,3215
2673,3111
2673,3100
2674,3422
2674,3403
2674,3365
2674,3334
2674,3136
2674,2984
2674,2933
2674,2871
2674,2859
2675,3420
2675,3356
2675,3345
2675,3090
2675,3028
2675,3021
2675,2966
2675,2883
2676,3191
2676,3136
2676,3123
2676,3076
2676,2928
2676,2748
2677,3356
2677,3335
2677,3321
2677,3280
2677,3250
2677,3034
2677,2865
2677,2823
2677,2797
2677,2686
2678,3387
2678,3359
2679,3353
2679,3213
2679,3123
2679,3065
2679,3042
2679,2981
2679,2948
2679,2884
2679,2852
2680,3302
2680,3117
2680,2781
2681,3412
2681,3208
2681,3152
2681,3096
2681,3052
2681,3043
2681,3025
2681,2913
2681,2873
2681,2866
2681,2845
2681,2828
2681,2777
2681,2726
2682,3326
2682,3270
2682,3258
2682,3203
2682,3176
2682,3162
2683,3347
2683,3098
2683,2913
2684,3279
2684,3252
2684,3247
2684,3188
2684,3018
2684,2999
2684,2784
2685,3197
2685,3005
2685,2970
2685,2942
2686,3420
2686,3321
2686,3263
2686,3255
2686,3185
2686,3152
2686,3060
2686,2783
2686,2778
2687,3375
2687,3275
2687,3168
2687,3005
2687,2984
2687,2956
2687,2946
2687,2878
2687,2831
2687,2772
2687,2702
2688,3077
2688,3058
2689,3302
2689,3228
2689,3049
2689,3042
2689,2873
2689,2819
2689,2745
2690,3306
2690,3254
2690,3154
2690,3144
2690,3111
2690,3082
2690,3034
2690,2942
2690,2744
2692,3320
2692,2787
2692,2743
2693,3411
2693,3347
2693,3203
2693,3198
2693,2965
2694,3297
2694,3296
2694,3281
2694,3252
2694,3227
2694,3163
2694,3094
2694,3058
2694,2999
2694,2985
2694,2970
2694,2936
2694,2768
2695,3394
2695,3096
2695,2925
2695,2924
2695,2897
2695,2864
2695,2738
2696,3402
2696,3330
2696,3319
2696,3206
2696,3187
2696,3097
2696,3086
2696,2918
2696,2771
2696,2716
2697,3431
2697,3342
2697,3035
2697,2892
2697,2780
2697,2723
2698,3394
2698,3296
2698,3227
2698,3185
2698,3056
2698,3051
2698,2887
2699,2880
2699,2772
2700,3395
2700,3178
2700,3145
2700,3062
2700,2702
2701,3422
2701,3249
2701,3193
2701,3091
2701,2770
2702,3239
2702,3185
2702,3069
2702,3062
2702,3021
2702,2895
2702,2785
2703,3370
2703,2796
2705,3237
2705,3158
2705,2919
2705,2864
2706,3435
2706,3384
2706,3232
2706,2963
2706,2854
2706,2851
2707,3326
2707,3115
2707,2947
2707,2921
2707,2853
2707,2849
2708,3411
2708,3364
2708,3312
2708,3209
2708,3112
2708,3041
2708,2965
2708,2939
2708,2839
2708,2778
2709,3214
2709,3206
2709,2787
2710,3435
2710,3347
2710,3287
2710,3082
2710,2974
2710,2806
2711,3319
2711,3278
2711,3204
2711,3186
2711,3079
2711,2892
2711,2716
2712,3420
2712,3334
2712,3262
2712,3172
2712,2956
2712,2954
2712,2941
2712,2939
2712,2921
2712,2878
2713,3383
2713,3359
2713,3341
2713,3297
2713,3260
2713,3197
2713,3170
2713,3165
2713,3102
2713,2970
2713,2968
2713,2800
2713,2782
2713,2719
2714,3259
2715,3172
2715,3169
2715,3112
2715,2935
2715,2765
2715,2730
2716,3429
2716,3405
2716,3383
2716,3371
2716,3355
2716,3330
2716,3329
2716,3254
2716,3222
2716,3217
2716,3197
2716,3065
2716,2897
2717,3239
2717,3232
2717,3157
2717,3080
2717,3026
2717,3023
2717,2742
2717,2739
2717,2738
2718,3391
2718,3371
2718,3332
2718,3190
2718,3116
2718,3077
2718,3050
2718,3024
2718,2988
2718,2880
2718,2830
2718,2793
2718,2783
2719,3363
2719,3346
2719,3245
2719,3236
2719,3160
2719,3118
2719,3019
2719,2984
2719,2901
2719,2872
2719,2860
2719,2825
2719,2768
2719,2746
2719,2727
2720,3416
2720,3352
2720,3330
2720,3277
2720,3264
2720,3186
2720,3113
2720,3072
2720,2874
2720,2869
2720,2823
2720,2787
2720,2780
2720,2779
2722,3335
2722,3169
2722,3135
2722,3051
2722,2989
2722,2903
2722,2765
2723,3395
2723,3344
2723,3150
2723,3107
2723,3051
2723,2938
2723,2937
2723,2831
2723,2791
2723,2726
2724,3335
2724,3225
2724,3205
2724,2991
2724,2936
2724,2923
2725,3415
2725,3016
2725,2979
2725,2938
2726,3414
2726,3364
2726,3297
2726,2981
2726,2897
2726,2806
2727,3381
2727,3359
2727,3171
2727,3041
2727,2863
2727,2758
2728,3397
2728,3332
2728,3287
2728,3205
2728,3069
2728,3041
2728,2765
2729,3420
2729,3274
2729,3259
2729,3231
2729,3222
2729,3048
2729,3046
2729,2946
2730,3287
2730,3259
2730,3185
2730,3081
2730,2901
2730,2840
2730,2815
2733,3421
2733,3386
2733,3352
2733,3343
2733,3239
2733,3232
2733,3027
2733,2973
2733,2951
2733,2883
2733,2844
2733,2819
2734,3422
2734,3405
2734,3172
2734,3150
2734,3089
2734,3046
2734,2771
2735,3391
2735,3187
2735,2883
2735,2828
2737,3404
2737,3378
2737,3332
2737,3326
2737,3316
2737,3267
2737,3198
2737,3097
2737,2932
2737,2780
2737,2742
2738,3336
2738,3239
2738,3047
2738,3010
2738,2973
2738,2897
2739,3404
2739,3369
2739,3249
2739,3207
2739,3198
2739,3186
2739,2833
2739,2746
2741,3363
2741,2870
2741,2745
2742,3349
2742,3215
2742,3161
2742,3103
2742,3066
2742,2996
2742,2910
2742,2881
2742,2843
2743,3428
2743,3226
2743,3117
2743,2990
2743,2757
2744,3393
2744,3346
2744,3193
2744,3187
2744,2946
2744,2910
2744,2881
2744,2833
2745,3023
2745,2925
2746,3394
2746,3364
2746,3026
2746,3000
2746,2944
2746,2939
2746,2841
2746,2773
2747,3395
2747,3345
2747,3214
2747,3199
2747,3172
2747,3079
2747,3038
2747,2979
2747,2864
2748,3379
2748,3348
2748,3132
2748,3020
2748,2924
2748,2895
2748,2782
2748,2750
2749,3232
2749,3185
2749,3097
2749,3029
2749,2853
2749,2755
2750,3151
2750,3019
2750,2978
2750,2917
2750,2858
2751,3421
2751,3399
2751,3280
2751,3214
2751,3188
2751,3159
2751,3116
2751,3058
2751,3054
2751,3009
2751,2850
2751,2815
2751,2768
2752,3259
2752,3013
2752,2991
2752,2813
2753,3410
2753,2998
2753,2855
2753,2804
2754,3388
2754,3385
2754,3317
2754,3115
2754,3114
2754,3095
2754,2891
2754,2759
2755,3381
2755,3243
2755,3130
2755,3102
2755,3049
2755,2996
2755,2837
2756,3260
2756,3213
2756,3113
2756,2890
2756,2864
2756,2793
2757,3412
2757,3269
2757,3237
2757,2985
2758,3356
2758,3326
2758,3292
2758,3261
2758,3247
2758,3189
2758,3062
2758,2986
2758,2970
2759,3436
2759,3386
2759,3184
2759,3069
2759,3023
2759,2943
2759,2849
2759,2821
2759,2763
2760,3302
2760,3245
2760,3051
2761,3285
2761,3248
2761,3094
2761,3065
2761,3047
2761,2919
2761,2815
2761,2793
2762,3144
2762,3041
2762,3007
2762,2947
2763,3347
2763,3274
2763,3163
2763,3094
2763,3035
2763,2942
2764,3405
2764,3369
2764,3304
2764,3102
2764,3100
2764,2971
2765,3253
2765,3068
2765,2909
2766,3394
2766,3384
2766,3104
2766,2915
2768,3256
2768,3246
2768,3240
2768,3205
2768,3136
2768,2938
2768,2901
2768,2900
2768,2858
2768,2853
2769,3228
2770,3356
2770,3331
2770,3287
2770,3256
2770,3173
2770,3124
2770,3005
2770,2943
2770,2910
2770,2896
2771,3393
2771,3270
2771,3085
2771,3009
2771,2934
2771,2901
2771,2844
2772,3433
2772,3207
2772,3201
2772,3087
2772,2964
2772,2927
2772,2872
2772,2840
2772,2819
2773,3284
2773,3224
2773,2986
2775,3434
2775,3321
2777,3435
2777,3354
2777,3287
2777,3137
2777,3025
2777,2933
2777,2783
2778,3374
2778,3370
2778,3167
2778,3089
2778,3045
2778,3036
2778,2984
2778,2870
2779,3410
2779,3316
2779,3306
2779,3259
2779,3253
2779,3093
2779,2931
2779,2898
2779,2812
2780,3259
2780,3248
2780,3016
2780,3011
2780,3009
2780,2796
2781,3422
2781,3373
2781,3319
2781,3304
2781,3188
2781,3144
2781,3081
2781,3039
2781,2950
2782,3185
2782,2931
2782,2919
2783,3380
2783,3344
2783,3175
2783,3168
2783,3115
2783,3112
2783,3101
2783,2830
2784,3424
2784,3258
2784,3221
2784,3204
2784,3185
2784,3103
2784,2847
2784,2833
2784,2803
2785,3373
2785,3321
2785,3186
2785,3098
2785,3093
2785,3005
2785,2887
2785,2801
2786,3386
2786,3135
2786,3030
2786,2909
2786,2852
2787,3416
2787,3405
2787,3357
2787,3346
2787,3329
2787,3178
2787,3110
2787,3060
2787,3048
2787,2951
2787,2876
2787,2840
2789,3426
2789,3342
2789,2966
2789,2919
2789,2839
2790,3432
2790,3387
2790,3350
2790,3233
2790,3209
2790,3043
2790,3017
2790,2988
2790,2979
2790,2965
2790,2907
2791,3416
2791,3185
2791,2946
2791,2871
2791,2797
2793,3419
2793,3364
2793,3256
2793,3091
2793,3079
2793,3063
2793,3004
2793,2844
2794,3174
2794,3022
2794,2867
2795,3291
2795,3079
2795,3013
2795,3002
2796,3409
2796,3219
2796,3203
2796,3116
2796,2992
2796,2937
2797,3412
2797,3397
2797,3357
2797,3340
2797,3151
2797,2913
2797,2832
2798,3428
2798,2978
2800,3416
2800,3393
2800,3302
2800,2961
2800,2908
2800,2874
2801,3161
2801,2991
2801,2810
2802,3331
2802,3329
2802,3291
2802,3277
2802,3191
2803,3416
2803,3401
2803,3299
2803,3291
2803,3285
2803,2858
2803,2809
2804,3380
2804,3346
2804,3214
2804,3148
2804,3061
2804,3002
2804,2863
2804,2840
2806,3238
2806,3090
2806,2906
2806,2833
2807,3317
2807,3052
2807,2963
2807,2919
2807,2867
2809,3286
2809,3228
2809,3135
2809,2966
2809,2908
2810,3399
2810,3344
2810,3030
2810,2969
2811,3397
2811,3377
2811,3367
2811,3220
2811,3169
2812,3435
2812,3433
2812,3312
2812,3186
2812,3072
2812,3057
2812,2995
2812,2932
2812,2928
2812,2887
2813,3434
2813,3420
2813,3366
2813,3330
2813,3265
2813,2875
2815,3404
2815,3301
2815,3286
2815,3227
2815,3011
2815,3000
2815,2846
2815,2835
2816,3376
2816,3307
2816,3277
2816,3233
2816,3012
2816,3009
2816,2921
2818,3416
2818,3319
2818,3104
2818,2913
2818,2819
2819,3403
2819,3007
2819,2944
2819,2936
2820,3350
2820,3263
2820,3240
2820,3077
2820,2832
2821,3014
2822,3150
2822,2971
2823,3359
2823,3203
2823,3146
2823,3124
2823,3116
2824,3371
2824,3342
2824,3120
2824,2936
2824,2840
2825,3280
2825,3043
2825,2979
2825,2832
2826,3323
2826,3252
2826,3157
2826,3089
2826,2984
2826,2937
2827,3253
2827,3130
2827,3092
2827,3029
2827,2951
2827,2862
2828,3409
2828,3361
2828,3337
2828,3211
2828,3194
2828,3171
2828,3072
2828,3018
2828,3002
2828,2979
2828,2946
2828,2935
2828,2863
2829,3410
2829,3379
2829,3102
2829,3088
2830,3364
2830,3352
2830,3304
2830,3239
2830,3198
2830,3124
2830,3109
2830,2832
2831,3422
2831,3341
2831,3266
2831,3156
2831,3152
2831,3070
2831,2977
2831,2888
2831,2864
2831,2848
2832,3244
2832,3182
2832,3140
2832,3089
2832,2947
2833,3366
2833,3302
2833,3255
2833,3245
2833,3225
2833,3075
2833,3069
2833,3064
2833,2989
2833,2855
2835,3038
2836,3405
2836,3404
2836,3379
2836,3355
2836,3236
2836,3215
2836,3139
2836,3038
2836,2888
2836,2876
2837,3364
2837,3004
2837,2981
2839,3436
2839,3386
2839,3279
2839,3229
2839,3150
2839,3051
2839,3013
2839,3010
2840,3406
2840,3212
2840,3136
2840,3106
2840,3081
2841,3265
2841,3223
2841,3065
2841,3017
2841,2973
2843,3206
2843,3035
2843,2997
2844,3419
2844,3349
2844,3277
2844,3107
2844,3106
2845,3397
2845,3393
2845,3356
2845,3320
2845,3274
2845,3116
2845,3035
2845,3027
2845,2883
2846,3363
2846,3280
2846,3100
2847,3404
2848,3395
2848,3160
2848,3154
2848,2853
2849,3306
2849,2974
2849,2955
2849,2923
2850,3399
2850,3384
2850,3362
2850,3229
2850,3174
2850,3160
2850,3149
2850,3080
2850,2987
2850,2852
2851,3426
2851,3400
2851,3238
2851,2874
2852,3384
2852,2910
2853,3308
2853,3304
2853,3258
2853,3155
2853,3091
2853,3057
2853,2918
2853,2905
2853,2897
2854,3364
2854,3166
2854,3052
2854,2905
2855,3299
2855,3261
2855,3206
2855,2989
2856,3207
2856,3035
2858,3355
2858,3326
2858,3293
2858,3284
2858,2946
2859,3342
2859,3272
2859,3207
2859,3170
2859,3110
2859,3106
2859,3035
2859,2936
2859,2897
2859,2878
2860,3360
2860,3204
2860,3159
2860,3068
2862,3353
2862,3341
2862,3117
2862,3040
2863,3406
2863,3346
2863,3292
2863,3208
2863,3140
2863,3065
2863,3043
2863,3001
2863,2978
2863,2950
2863,2936
2864,3386
2864,3277
2864,3253
2864,3089
2864,3012
2864,2977
2864,2953
2864,2951
2864,2927
2864,2913
2864,2878
2865,3433
2865,3406
2865,3262
2865,3177
2865,3160
2865,3088
2865,2921
2866,3414
2866,3355
2866,3248
2866,3168
2866,3023
2867,3436
2867,3373
2867,3300
2867,3234
2867,3049
2867,3018
2868,3351
2868,3348
2868,3334
2868,3211
2868,3202
2868,3185
2868,3125
2868,3110
2868,3100
2868,3093
2868,3047
2868,3040
2868,3038
2868,3014
2868,3013
2869,3412
2869,3402
2869,3383
2869,3375
2869,3198
2869,2970
2870,3280
2870,3267
2870,3093
2870,2881
2871,3391
2871,3117
2871,3009
2871,3001
2871,2918
2871,2895
2872,3179
2872,3113
2872,3044
2872,3034
2872,2974
2873,3430
2873,3019
2874,3156
2874,2974
2875,3383
2875,3349
2875,3347
2875,3241
2875,3219
2875,3099
2875,3044
2875,3041
2875,2954
2875,2897
2876,3395
2876,3100
2877,3279
2877,3234
2877,2978
2877,2948
2878,3263
2878,2955
2880,3406
2880,3140
2880,3104
2880,2964
2880,2923
2881,3393
2881,3262
2881,3226
2881,3201
2881,3119
2881,3118
2881,3009
2881,2906
2882,3024
2883,3355
2883,3307
2883,3211
2883,3084
2883,3049
2884,2945
2886,3062
2887,3234
2887,3054
2887,2943
2888,3129
2888,3082
2888,3064
2888,2891
2889,3189
2890,3195
2890,3080
2890,3023
2890,2943
2890,2942
2891,3179
2891,3090
2891,3040
2891,2943
2891,2928
2892,3378
2892,3376
2892,3370
2892,2992
2893,2984
2893,2914
2894,3404
2894,3369
2894,3329
2894,3326
2894,3288
2894,3215
2895,3291
2895,3174
2895,2947
2895,2932
2896,3199
2896,3162
2896,3139
2896,3108
2896,2988
2896,2908
2897,3427
2897,3396
2897,3011
2897,2933
2898,3252
2898,3079
2898,3046
2899,2911
2899,2905
2900,3421
2900,3411
2900,3341
2901,3391
2901,3328
2901,3265
2901,3255
2901,3089
2901,3088
2901,3005
2903,3219
2904,3410
2904,3409
2904,3403
2904,3352
2904,3301
2904,3274
2904,3172
2904,3164
2904,3160
2904,3155
2904,3079
2905,3347
2905,3109
2906,3080
2906,3042
2906,3019
2906,2987
2907,3431
2907,3414
2907,3166
2907,3123
2908,3316
2908,3166
2908,3090
2908,3033
2909,3345
2909,3288
2909,3228
2909,3029
2910,3362
2910,3234
2910,3210
2910,3193
2910,3109
2910,3098
2910,3094
2910,3040
2910,2981
2910,2973
2911,3388
2911,3184
2911,3073
2911,2953
2912,3387
2912,3243
2912,3054
2912,3052
2913,3392
2913,3390
2913,3355
2913,3298
2913,3022
2914,3371
2914,3350
2914,3226
2914,3210
2914,3167
2915,3132
2915,3119
2915,3056
2916,3303
2916,3231
2916,3151
2916,3082
2917,2969
2917,2935
2918,3341
2918,3120
2919,3435
2919,3297
2919,3151
2919,3076
2919,3052
2919,2981
2919,2966
2920,3340
2920,3335
2920,3315
2920,3286
2920,3259
2920,3140
2920,2993
2921,3419
2921,3350
2921,3203
2921,3185
2921,3077
2921,3060
2921,3038
2921,3016
2923,3297
2923,3207
2923,3206
2923,3162
2923,3011
2924,3163
2924,3135
2925,3241
2925,3232
2925,3202
2925,3158
2925,2977
2927,3398
2927,3326
2927,3304
2927,3198
2927,3120
2927,3107
2927,3043
2928,3381
2928,3348
2928,3116
2928,2948
2929,3052
2929,2946
2931,3430
2931,3347
2931,3256
2931,3221
2931,3187
2931,3104
2931,3089
2931,3062
2932,3374
2932,3366
2932,3350
2932,3320
2932,3298
2932,3276
2932,3162
2932,3152
2932,3106
2932,3094
2933,3187
2934,3019
2936,3422
2936,3337
2936,3191
2936,3115
2936,3019
2936,2991
2937,3349
2937,3323
2937,3281
2937,3277
2937,3214
2937,3185
2937,3156
2937,3021
2937,3002
2937,2939
2938,3385
2938,3319
2938,3177
2938,3115
2938,3076
2939,3405
2939,3365
2939,3356
2939,3331
2939,3321
2939,3248
2939,3222
2939,3197
2939,3154
2939,3067
2940,3237
2940,3065
2941,3306
2941,3264
2941,2997
2942,3380
2942,3379
2942,3350
2942,3341
2942,3312
2942,3207
2943,3362
2943,3303
2943,3010
2944,3399
2944,3234
2944,3092
2944,3087
2945,3299
2945,3292
2945,3238
2945,3225
2945,3038
2946,3379
2946,3340
2946,3337
2946,3224
2946,3152
2946,3148
2946,3052
2946,3030
2946,3025
2946,2993
2946,2974
2946,2951
2947,3253
2947,3228
2948,3219
2948,3117
2948,3014
2948,2989
2949,3386
2949,3263
2949,3123
2949,2953
2950,3356
2950,3214
2950,3165
2950,3109
2950,2980
2951,3361
2951,3356
2951,3340
2951,3261
2951,3189
2951,3182
2951,3138
2951,3136
2951,2958
2952,3387
2952,3369
2953,3051
2953,2989
2954,3325
2954,3206
2954,3192
2954,3168
2954,3064
2954,3046
2955,3330
2955,3329
2955,3241
2955,3197
2955,3178
2955,3116
2955,3078
2955,3034
2956,3315
2956,3129
2956,3092
2956,3033
2957,3374
2958,3397
2958,3370
2958,3258
2958,3192
2958,3168
2958,3145
2958,2995
2960,3430
2960,3346
2960,3298
2960,3198
2960,3194
2961,3321
2961,3080
2961,3064
2962,3434
2962,3352
2962,3246
2962,3085
2963,3202
2964,3152
2964,3069
2965,3206
2965,3186
2965,3182
2965,3120
2965,3049
2966,3364
2966,3240
2966,3201
2967,3362
2967,3090
2968,3369
2968,3198
2968,3048
2968,3038
2968,2999
2969,3340
2969,3297
2969,3040
2970,3172
2970,3171
2970,3155
2970,3117
2970,3032
2971,3020
2973,3421
2973,3420
2973,3357
2973,3352
2973,3297
2973,3287
2973,3177
2973,3081
2973,2984
2974,3102
2974,2978
2976,3347
2976,3335
2976,3240
2976,3079
2977,3294
2977,3232
2977,3229
2977,3046
2978,3226
2979,3371
2979,3358
2979,3335
2979,3265
2979,3223
2979,3104
2980,3326
2980,3296
2980,3278
2980,3150
2981,3394
2981,3294
2981,3135
2983,3016
2983,3009
2984,3397
2984,3385
2984,3381
2984,3332
2984,3186
2984,3152
2984,3068
2984,3028
2984,3013
2985,3428
2985,3114
2985,3098
2986,3301
2986,3294
2986,3158
2987,3202
2987,3174
2987,3078
2988,3231
2988,3017
2989,3319
2989,3295
2989,3256
2989,3235
2990,3349
2990,3206
2990,3091
2990,3077
2991,3365
2991,3157
2991,3034
2991,3019
2992,3371
2992,3319
2992,3219
2992,3160
2992,3068
2992,3012
2993,3400
2993,3202
2993,3108
2994,3321
2994,3169
2995,3393
2995,3327
2995,3239
2996,3339
2996,3323
2996,3304
2996,3289
2996,3281
2996,3172
2996,3169
2996,3082
2996,3075
2996,3066
2996,3043
2997,3433
2997,3345
2997,3187
2997,3176
2997,3106
2997,3060
2998,3367
2998,3236
2999,3411
2999,3264
2999,3145
2999,3048
3000,3346
3000,3292
3000,3088
3001,3376
3001,3187
3001,3110
3001,3002
3002,3196
3002,3151
3002,3117
3002,3063
3002,3015
3004,3279
3004,3084
3004,3056
3005,3323
3005,3321
3005,3281
3005,3205
3005,3034
3005,3021
3005,3013
3006,3349
3006,3307
3006,3270
3007,3386
3007,3178
3007,3157
3009,3345
3009,3275
3009,3274
3009,3272
3009,3253
3009,3233
3009,3232
3009,3171
3009,3132
3010,3319
3010,3194
3011,3379
3011,3297
3011,3168
3012,3161
3012,3113
3012,3049
3013,3359
3013,3170
3014,3399
3014,3237
3014,3163
3014,3056
3015,3247
3015,3240
3016,3421
3016,3264
3016,3132
3016,3076
3016,3027
3017,3351
3017,3260
3017,3239
3017,3155
3017,3133
3017,3088
3017,3057
3018,3374
3018,3225
3018,3224
3018,3211
3018,3094
3019,3212
3020,3296
3020,3214
3020,3154
3020,3081
3020,3060
3021,3431
3021,3338
3021,3262
3021,3246
3022,3315
3022,3105
3023,3343
3023,3286
3023,3107
3024,3267
3024,3152
3024,3088
3025,3399
3025,3315
3025,3096
3026,3428
3026,3168
3027,3409
3027,3287
3027,3168
3027,3151
3027,3080
3027,3077
3028,3395
3028,3360
3028,3287
3028,3050
3029,3237
3030,3092
3032,3358
3032,3350
3032,3342
3032,3249
3032,3078
3033,3344
3033,3243
3034,3421
3034,3355
3034,3100
3034,3091
3034,3052
3035,3340
3035,3273
3035,3272
3036,3415
3036,3406
3036,3258
3036,3060
3036,3040
3038,3359
3038,3306
3038,3295
3038,3273
3038,3222
3038,3196
3038,3076
3039,3406
3039,3346
3039,3330
3040,3380
3040,3352
3040,3236
3041,3421
3041,3418
3041,3399
3041,3344
3041,3291
3041,3222
3041,3220
3041,3179
3041,3167
3041,3151
3041,3120
3041,3088
3042,3142
3042,3123
3042,3092
3043,3235
3043,3173
3043,3076
3043,3069
3044,3135
3046,3418
3046,3387
3046,3347
3046,3332
3046,3321
3046,3210
3047,3196
3047,3119
3047,3052
3048,3299
3048,3062
3049,3367
3049,3349
3049,3340
3049,3303
3049,3182
3050,3136
3050,3109
3051,3329
3051,3281
3051,3219
3051,3208
3051,3205
3051,3097
3051,3090
3051,3072
3052,3220
3053,3251
3054,3384
3054,3293
3054,3135
3056,3385
3056,3360
3056,3308
3056,3187
3057,3199
3057,3162
3057,3102
3057,3082
3058,3384
3058,3291
3058,3272
3058,3215
3060,3412
3060,3357
3060,3192
3061,3386
3061,3156
3062,3379
3062,3294
3062,3258
3062,3212
3062,3205
3062,3148
3062,3106
3062,3103
3062,3082
3063,3221
3063,3102
3065,3414
3065,3393
3065,3384
3065,3302
3065,3296
3065,3137
3066,3353
3066,3302
3066,3224
3066,3069
3067,3298
3068,3416
3068,3328
3068,3152
3069,3341
3069,3335
3069,3116
3069,3077
3070,3406
3070,3346
3070,3254
3070,3178
3070,3145
3072,3431
3072,3396
3072,3361
3072,3351
3072,3188
3072,3136
3073,3414
3073,3399
3073,3130
3075,3429
3075,3335
3075,3170
3076,3346
3076,3232
3076,3221
3076,3191
3076,3160
3076,3107
3077,3389
3077,3359
3077,3344
3077,3323
3077,3182
3078,3346
3078,3302
3078,3296
3078,3124
3079,3397
3079,3395
3079,3357
3079,3299
3080,3426
3080,3387
3080,3243
3081,3369
3081,3276
3081,3260
3081,3115
3082,3249
3082,3175
3083,3366
3084,3294
3084,3227
3084,3184
3084,3174
3084,3143
3084,3135
3084,3095
3085,3308
3085,3227
3086,3391
3086,3377
3086,3355
3086,3275
3087,3323
3087,3241
3087,3188
3088,3273
3088,3097
3089,3398
3089,3352
3089,3293
3089,3199
3089,3170
3089,3133
3089,3119
3090,3343
3090,3300
3090,3211
3091,3291
3092,3433
3092,3274
3093,3418
3093,3215
3093,3201
3094,3356
3094,3328
3095,3206
3095,3152
3095,3104
3096,3327
3096,3292
3097,3418
3097,3291
3097,3289
3097,3148
3098,3367
3098,3355
3099,3341
3099,3306
3099,3140
3099,3112
3100,3365
3100,3275
3100,3194
3100,3113
3101,3379
3101,3331
3101,3323
3101,3298
3101,3272
3101,3205
3102,3396
3102,3366
3102,3350
3102,3319
3102,3224
3103,3353
3103,3118
3103,3106
3104,3361
3104,3274
3104,3261
3104,3146
3104,3143
3105,3364
3105,3216
3105,3166
3106,3353
3106,3287
3106,3110
3107,3430
3107,3345
3107,3151
3107,3109
3108,3347
3108,3279
3108,3202
3109,3358
3109,3265
3110,3307
3110,3274
3110,3224
3110,3223
3111,3366
3111,3210
3112,3194
3113,3305
3113,3264
3113,3211
3113,3133
3114,3433
3114,3413
3114,3237
3114,3229
3115,3357
3115,3332
3115,3187
3116,3412
3116,3331
3116,3276
3116,3242
3116,3208
3117,3428
3117,3341
3117,3239
3117,3140
3118,3349
3118,3265
3118,3245
3119,3391
3119,3206
3119,3194
3120,3386
3120,3340
3120,3279
3120,3242
3120,3215
3120,3190
3121,3319
3122,3216
3124,3279
3124,3166
3125,3287
3129,3384
3129,3250
3130,3293
3130,3139
3132,3356
3132,3345
3132,3151
3133,3297
3133,3295
3135,3390
3135,3179
3136,3353
3136,3301
3137,3436
3138,3398
3138,3341
3138,3254
3138,3177
3138,3162
3140,3330
3140,3295
3140,3289
3140,3167
3142,3364
3142,3238
3142,3201
3144,3410
3144,3395
3144,3302
3144,3198
3144,3161
3145,3411
3145,3383
3145,3338
3145,3310
3146,3321
3146,3320
3146,3313
3146,3295
3146,3220
3146,3171
3146,3149
3148,3239
3149,3293
3150,3191
3151,3433
3152,3389
3152,3276
3152,3205
3152,3178
3154,3205
3154,3187
3155,3330
3155,3169
3156,3402
3156,3344
3157,3287
3157,3246
3158,3414
3158,3339
3160,3359
3160,3332
3161,3296
3161,3246
3161,3168
3162,3403
3162,3377
3162,3370
3162,3342
3162,3240
3162,3187
3163,3168
3164,3365
3164,3361
3164,3248
3165,3285
3165,3261
3166,3231
3167,3404
3167,3327
3167,3297
3167,3285
3167,3215
3168,3269
3168,3246
3169,3395
3169,3386
3169,3379
3169,3337
3169,3302
3169,3205
3170,3415
3170,3366
3170,3308
3170,3302
3170,3241
3171,3405
3171,3279
3171,3240
3172,3327
3172,3267
3172,3192
3172,3188
3173,3247
3174,3321
3174,3320
3174,3293
3174,3237
3175,3397
3175,3369
3175,3346
3176,3210
3176,3191
3177,3188
3178,3329
3179,3390
3179,3381
3179,3232
3179,3191
3182,3418
3182,3391
3184,3433
3184,3265
3185,3343
3185,3236
3186,3321
3186,3252
3186,3201
3187,3279
3188,3429
3188,3259
3188,3239
3188,3211
3189,3353
3190,3330
3190,3307
3190,3263
3190,3236
3191,3391
3191,3201
3192,3386
3192,3368
3192,3328
3192,3308
3192,3256
3193,3364
3194,3361
3194,3304
3194,3214
3195,3431
3195,3400
3195,3328
3195,3280
3196,3383
3196,3211
3197,3339
3197,3215
3198,3281
3198,3276
3201,3341
3201,3332
3201,3295
3202,3350
3203,3409
3203,3391
3203,3370
3203,3320
3203,3209
3204,3366
3205,3321
3206,3340
3206,3306
3206,3298
3206,3259
3206,3248
3207,3369
3207,3362
3208,3330
3208,3287
3208,3276
3209,3321
3210,3421
3210,3256
3212,3386
3212,3272
3212,3265
3214,3406
3214,3395
3214,3299
3214,3264
3215,3431
3215,3374
3215,3337
3215,3310
3215,3247
3215,3240
3219,3373
3219,3291
3219,3258
3220,3405
3221,3380
3221,3343
3221,3291
3222,3335
3223,3267
3224,3403
3224,3393
3224,3357
3224,3338
3224,3296
3224,3288
3224,3270
3224,3262
3224,3226
3226,3276
3227,3316
3228,3400
3228,3296
3231,3304
3232,3431
3232,3406
3233,3343
3233,3241
3233,3235
3234,3416
3234,3364
3234,3348
3235,3406
3235,3386
3235,3273
3236,3378
3237,3388
3238,3406
3240,3410
3241,3337
3241,3330
3241,3307
3241,3256
3242,3295
3244,3365
3245,3308
3245,3247
3246,3419
3246,3380
3247,3324
3248,3347
3248,3277
3249,3351
3250,3428
3250,3392
3252,3302
3253,3397
3253,3357
3253,3280
3254,3261
3255,3408
3255,3366
3255,3340
3255,3338
3255,3337
3255,3321
3255,3287
3255,3280
3255,3273
3256,3416
3256,3344
3257,3373
3257,3348
3258,3369
3258,3313
3259,3355
3259,3342
3260,3415
3260,3262
3261,3304
3262,3327
3262,3263
3263,3332
3263,3321
3264,3396
3264,3278
3264,3277
3264,3275
3265,3429
3265,3270
3266,3353
3267,3374
3267,3279
3267,3275
3269,3394
3272,3386
3273,3376
3273,3358
3273,3331
3273,3280
3274,3355
3274,3331
3274,3330
3275,3365
3276,3391
3278,3295
3279,3402
3279,3332
3280,3405
3280,3286
3281,3376
3281,3342
3281,3307
3284,3329
3285,3396
3286,3317
3287,3395
3287,3316
3288,3379
3288,3373
3289,3391
3289,3332
3292,3405
3294,3417
3294,3414
3294,3399
3295,3424
3295,3421
3295,3340
3296,3360
3296,3357
3297,3405
3297,3385
3297,3327
3297,3298
3298,3406
3298,3355
3299,3427
3299,3326
3301,3435
3302,3313
3304,3433
3304,3349
3306,3373
3307,3412
3307,3342
3309,3339
3312,3315
3316,3330
3319,3385
3319,3380
3319,3355
3319,3332
3320,3431
3320,3420
3324,3400
3326,3406
3326,3378
3327,3360
3328,3395
3329,3332
3330,3377
3331,3411
3331,3349
3332,3343
3333,3339
3335,3418
3337,3358
3337,3355
3337,3346
3337,3345
3340,3404
3341,3350
3342,3409
3344,3415
3346,3412
3348,3430
3350,3393
3350,3374
3350,3352
3351,3395
3352,3363
3353,3405
3355,3363
3361,3397
3361,3391
3364,3387
3365,3396
3368,3385
3369,3420
3373,3421
3373,3419
3373,3396
3376,3391
3378,3410
3379,3435
3379,3410
3379,3409
3381,3389
3385,3391
3386,3425
3386,3412
3387,3428
3393,3419
3396,3410
3406,3426
3410,3433
3412,3430
3415,3434
3416,3422
3438,3926
3438,3824
3438,3785
3438,3707
3438,3619
3438,3518
3440,3788
3440,3615
3440,3484
3442,3948
3442,3767
3442,3686
3442,3653
3443,3945
3447,3549
3448,3913
3448,3573
3448,3547
3449,3683
3449,3661
3449,3640
3449,3528
3449,3523
3449,3520
3450,3744
3450,3734
3450,3683
3450,3561
3452,3734
3452,3730
3454,3492
3455,3873
3455,3842
3456,3978
3456,3915
3456,3911
3456,3548
3456,3475
3459,3786
3459,3719
3459,3583
3460,3909
3460,3800
3460,3788
3461,3858
3461,3828
3461,3687
3462,3943
3462,3773
3462,3563
3463,3895
3463,3855
3463,3818
3463,3758
3463,3535
3463,3482
3464,3830
3464,3625
3464,3586
3465,3881
3465,3634
3468,3924
3468,3771
3470,3921
3470,3740
3470,3678
3470,3534
3471,3928
3471,3658
3471,3492
3472,3862
3472,3773
3472,3628
3474,3896
3474,3845
3475,3717
3476,3482
3479,3938
3479,3545
3480,3526
3480,3484
3481,3765
3482,3931
3482,3678
3482,3592
3483,3758
3483,3714
3484,3629
3484,3558
3486,3690
3486,3555
3487,3872
3487,3521
3488,3831
3488,3693
3488,3534
3490,3679
3492,3877
3492,3804
3492,3629
3494,3680
3495,3642
3496,3911
3496,3886
3496,3755
3496,3698
3496,3644
3497,3933
3497,3730
3497,3677
3497,3642
3497,3556
3498,3559
3498,3556
3499,3714
3500,3930
3500,3740
3501,3804
3501,3780
3501,3736
3501,3689
3501,3601
3501,3527
3503,3681
3503,3577
3504,3780
3504,3712
3505,3710
3505,3564
3506,3705
3506,3510
3507,3958
3509,3834
3509,3792
3509,3524
3510,3834
3510,3767
3511,3718
3512,3744
3514,3957
3514,3866
3514,3852
3514,3658
3514,3642
3514,3625
3514,3586
3514,3533
3515,3967
3515,3931
3515,3792
3515,3781
3515,3561
3515,3535
3516,3911
3516,3756
3516,3661
3517,3717
3517,3604
3517,3525
3518,3831
3518,3721
3518,3651
3518,3575
3518,3574
3520,3800
3520,3545
3521,3889
3521,3663
3522,3841
3523,3686
3526,3851
3526,3598
3527,3884
3527,3822
3527,3817
3527,3772
3527,3654
3527,3640
3528,3782
3529,3724
3530,3621
3532,3824
3533,3966
3533,3911
3533,3886
3533,3724
3533,3562
3534,3896
3534,3777
3534,3698
3534,3640
3535,3646
3536,3814
3539,3927
3539,3792
3540,3950
3540,3911
3542,3621
3542,3613
3543,3575
3544,3841
3545,3892
3545,3873
3545,3615
3545,3608
3548,3780
3550,3977
3550,3851
3550,3780
3550,3773
3550,3565
3551,3692
3551,3642
3552,3948
3552,3760
3552,3728
3553,3927
3553,3825
3553,3572
3554,3931
3554,3855
3555,3824
3557,3712
3557,3577
3558,3966
3558,3937
3558,3591
3559,3962
3559,3756
3562,3686
3563,3772
3563,3750
3563,3712
3563,3693
3563,3611
3563,3572
3566,3913
3568,3783
3569,3814
3569,3599
3572,3895
3572,3773
3574,3639
3575,3979
3575,3687
3576,3609
3576,3586
3577,3628
3578,3928
3578,3926
3578,3765
3583,3665
3586,3888
3586,3750
3586,3735
3586,3658
3590,3794
3590,3769
3591,3792
3591,3779
3591,3721
3591,3599
3592,3697
3593,3881
3593,3859
3594,3795
3599,3909
3599,3612
3600,3605
3600,3601
3601,3966
3601,3930
3601,3829
3601,3795
3601,3737
3601,3676
3602,3947
3603,3933
3603,3658
3604,3831
3605,3680
3608,3901
3608,3802
3608,3698
3609,3651
3611,3914
3611,3686
3611,3617
3612,3927
3612,3821
3612,3794
3612,3659
3613,3755
3615,3957
3615,3930
3615,3915
3615,3845
3615,3634
3617,3627
3618,3672
3620,3822
3621,3926
3621,3775
3622,3946
3622,3898
3622,3764
3623,3763
3625,3902
3625,3822
3625,3703
3626,3731
3627,3772
3628,3850
3628,3779
3629,3750
3630,3931
3630,3881
3633,3929
3633,3919
3633,3886
3633,3779
3633,3737
3633,3635
3634,3768
3635,3796
3635,3687
3636,3778
3636,3776
3639,3765
3640,3775
3640,3772
3640,3703
3643,3875
3643,3690
3644,3800
3644,3674
3645,3852
3647,3879
3648,3671
3649,3926
3649,3858
3651,3970
3651,3772
3651,3669
3652,3972
3658,3874
3658,3805
3658,3770
3661,3883
3661,3845
3662,3806
3662,3723
3664,3706
3667,3943
3667,3799
3667,3772
3671,3866
3672,3944
3672,3730
3674,3762
3674,3702
3676,3893
3677,3941
3678,3797
3678,3730
3681,3913
3681,3824
3683,3918
3683,3697
3684,3944
3684,3913
3684,3800
3684,3710
3687,3889
3687,3769
3688,3971
3690,3898
3690,3810
3690,3767
3690,3754
3692,3908
3692,3813
3693,3929
3693,3741
3695,3831
3697,3966
3697,3926
3697,3916
3698,3769
3702,3772
3702,3750
3705,3947
3705,3890
3705,3786
3705,3715
3707,3944
3707,3924
3707,3847
3707,3750
3711,3933
3711,3738
3712,3948
3713,3817
3713,3763
3714,3895
3714,3843
3715,3795
3717,3911
3719,3793
3719,3740
3720,3975
3721,3884
3721,3800
3721,3735
3722,3948
3722,3741
3722,3737
3724,3890
3726,3937
3726,3896
3726,3826
3730,3909
3731,3737
3734,3906
3734,3822
3734,3770
3737,3927
3737,3918
3737,3891
3737,3847
3738,3851
3740,3870
3744,3851
3747,3840
3750,3909
3753,3938
3754,3810
3760,3976
3760,3943
3761,3818
3763,3870
3767,3972
3767,3796
3768,3794
3770,3810
3773,3884
3774,3879
3775,3831
3780,3930
3782,3946
3784,3870
3784,3826
3784,3825
3789,3952
3794,3829
3795,3842
3796,3944
3796,3891
3797,3877
3800,3886
3800,3877
3803,3826
3804,3966
3804,3934
3809,3835
3810,3826
3813,3962
3815,3839
3818,3822
3821,3826
3822,3973
3825,3829
3828,3967
3829,3973
3830,3929
3832,3906
3835,3977
3836,3911
3838,3950
3838,3929
3839,3889
3839,3841
3840,3873
3841,3926
3845,3962
3847,3858
3851,3898
3851,3864
3852,3934
3859,3924
3861,3870
3862,3936
3862,3918
3869,3958
3870,3909
3877,3919
3878,3956
3878,3896
3886,3944
3890,3903
3891,3943
3896,3906
3907,3918
3909,3951
3911,3941
3911,3914
3918,3948
3919,3968
3919,3948
3924,3956
3926,3948
3929,3953
3931,3956
3947,3969
3951,3955
3962,3970
3986,4023
3997,4003
